3297.43
3228.06
3254.06
3508.05
3384.86
3568.71
3549.78
3242.27
3279.54
3137.01
3283.02
3420.03
3291.28
3444.95
3526.72
3452.88
3154.07
3258.49
3334.97
3397.58
3352.31
3128.34
3222.47
3182.64
3471.97
3537.87
3373.42
3178.00
3481.71
3467.85
3320.74
3317.20
3121.49
3318.90
3504.12
3482.68
3294.30
3384.41
3567.52
3482.28
3567.45
3161.36
3199.83
3161.95
3521.43
3366.77
3302.39
3150.88
3518.31
3284.54
3321.05
3133.14
3356.03
3151.43
3268.46
3453.36
3428.84
3566.77
3194.39
3389.65
3381.45
3453.94
3262.72
3286.26
3593.00
3388.88
3607.86
3437.85
3424.67
3293.10
3318.95
3395.95
3571.91
3464.73
3571.77
3103.25
3301.23
3170.35
3503.81
3175.42
3103.07
3354.52
3362.67
3506.84
3169.08
3597.55
3145.91
3365.43
3229.23
3202.90
3589.40
3521.76
3294.35
3204.05
3148.94
3590.12
3139.99
3195.94
3372.81
3326.40
3255.93
3413.81
3134.29
3488.28
3370.19
3260.51
3304.67
3129.66
3231.26
3432.02
3496.78
3515.66
3526.69
3580.68
3449.25
3442.08
3322.74
3470.00
3177.43
3502.02
3179.89
3110.68
3460.83
3157.24
3347.12
3397.22
3247.43
3155.81
3330.41
3194.36
3251.16
3105.66
3476.92
3307.23
3526.97
3150.25
3320.85
3212.49
3339.76
3548.71
3201.46
3240.01
3437.75
3190.48
3191.12
3321.25
3108.37
3106.02
3466.59
3324.12
3423.00
3577.94
3547.93
3151.40
3578.37
3272.37
3575.98
3224.42
3371.24
3564.52
3391.51
3121.98
3497.86
3440.70
3188.72
3204.55
3128.05
3518.49
3118.25
3292.74
3149.02
3313.81
3127.23
3494.34
3355.74
3175.50
3174.16
3291.13
3305.11
3149.91
3376.67
3398.23
3546.98
3414.55
3518.89
3298.94
3420.16
3574.99
3454.43
3322.03
3566.95
3209.09
3494.62
3495.10
3251.68
3261.25
3331.89
3278.52
3372.51
3204.72
