666
17
1 1
8 64
5 63
7 96
1 67
4 38
5 61
6 15
7 77
3 59
7 73
9 18
8 14
3 100
3 6
6 26
9 45
2
10 14
5 80
30
5 27
1 91
3 20
3 13
9 81
4 18
6 90
4 42
9 5
3 60
7 38
1 25
9 31
6 79
9 28
6 23
6 45
4 27
1 100
10 19
6 39
8 65
7 44
10 61
3 35
4 5
9 61
4 36
6 97
7 99
25
1 58
5 1
4 32
10 90
7 41
8 20
3 95
6 35
5 36
7 83
10 20
1 46
4 91
9 53
3 35
2 77
7 43
7 18
9 72
5 18
8 75
9 42
6 22
7 37
1 51
28
1 86
6 26
3 80
6 54
4 5
3 49
6 18
5 29
6 79
3 4
1 46
4 89
2 55
2 23
9 78
3 33
10 59
10 91
4 15
9 36
6 97
4 23
3 21
1 29
4 60
8 53
2 94
1 1
12
1 42
9 70
10 56
4 12
3 97
5 36
1 31
10 3
3 19
4 80
9 83
7 6
26
7 84
3 26
2 88
9 61
7 45
4 66
1 82
3 14
1 46
7 34
8 55
7 47
3 49
1 80
9 88
3 38
4 15
3 65
7 35
1 33
8 84
5 86
1 8
6 49
4 63
10 12
4
10 49
4 20
6 98
5 63
27
10 35
9 56
4 48
6 39
7 30
10 84
5 60
9 10
5 58
2 31
10 96
10 6
9 67
1 41
3 40
6 48
3 62
10 27
7 76
8 87
10 34
3 77
8 26
5 63
3 63
10 37
2 12
5
10 18
8 17
5 64
6 50
7 54
7
5 53
5 87
3 75
1 99
3 5
1 7
3 27
18
10 1
7 7
10 3
3 68
5 79
2 61
6 40
5 20
1 68
3 18
9 97
8 86
8 54
8 34
6 75
5 65
1 37
2 93
2
3 13
6 73
25
1 51
1 56
5 65
1 67
6 21
7 37
2 29
8 97
6 12
4 39
6 81
2 20
1 36
8 10
2 13
3 29
6 12
6 64
2 61
3 86
3 9
9 29
7 36
10 49
7 75
30
3 23
6 95
2 37
9 63
5 88
1 40
4 60
3 59
2 85
2 2
1 62
1 48
8 18
1 75
2 43
8 69
3 44
10 3
5 36
4 59
10 82
3 96
4 83
9 55
7 65
7 100
10 99
7 17
4 17
2 47
26
5 86
6 63
8 40
9 68
1 92
6 45
7 22
10 56
6 48
6 31
3 94
10 85
7 31
8 48
7 3
10 39
1 73
2 36
5 28
9 10
6 65
8 6
2 34
2 30
10 69
4 9
21
4 77
1 67
2 2
2 29
7 39
1 29
6 68
10 89
6 10
5 93
4 68
7 82
6 74
5 38
9 72
8 81
9 4
5 30
8 20
10 27
5 16
29
9 98
9 68
4 88
6 56
4 16
9 42
5 45
6 87
1 7
1 45
8 19
4 56
3 48
1 78
4 89
8 7
5 54
2 48
3 28
3 57
10 57
3 31
7 47
3 20
4 50
10 15
2 53
10 53
3 34
2
5 26
9 59
3
3 80
9 62
2 31
19
5 6
9 40
1 59
2 65
8 24
6 11
7 95
5 86
7 24
10 57
3 24
2 52
3 91
2 13
9 91
6 28
7 36
4 16
10 30
18
4 52
4 2
7 96
5 84
9 39
10 25
3 18
1 43
7 89
7 92
3 37
10 99
6 58
10 2
4 47
1 65
9 9
4 16
19
4 25
4 9
7 27
10 59
2 41
1 2
5 43
6 64
7 95
5 16
10 76
1 50
4 45
9 61
5 27
2 6
6 68
7 45
3 35
28
10 36
8 36
7 29
2 4
10 83
7 63
9 17
1 84
9 82
4 83
5 61
5 75
10 34
8 50
9 21
8 39
6 38
6 15
1 12
4 49
1 90
8 33
6 11
3 10
2 36
6 16
2 38
2 12
5
10 82
2 97
7 1
2 6
10 6
10
3 56
4 98
1 52
4 4
8 26
10 3
6 28
1 54
2 24
3 37
16
1 69
10 60
1 41
8 32
9 34
5 57
9 13
9 68
6 24
9 47
3 60
3 34
3 31
6 31
1 29
7 100
16
1 99
4 90
8 99
4 31
8 47
8 48
1 92
2 73
6 40
6 24
5 30
9 50
5 38
2 75
9 19
7 35
10
1 95
5 65
6 11
3 37
2 60
10 42
2 41
6 6
2 7
1 12
24
9 82
1 83
6 83
8 6
3 82
5 28
2 2
3 75
5 47
4 20
5 77
5 78
10 9
8 56
1 97
10 26
10 19
4 52
8 27
8 31
10 92
3 35
9 13
10 68
10
5 32
4 84
4 3
6 35
9 99
4 78
8 76
10 22
2 64
7 48
30
5 48
9 25
5 34
3 84
2 42
5 59
6 57
5 49
4 88
5 53
5 85
10 32
4 71
4 100
2 81
8 33
9 77
2 46
1 26
7 6
6 75
1 3
2 81
10 18
10 27
1 94
8 6
6 22
3 11
1 2
14
4 31
6 49
6 14
2 5
6 91
6 60
7 24
3 25
9 68
8 11
2 54
1 91
7 17
2 3
2
4 76
4 21
10
1 88
5 92
9 92
10 30
7 13
2 99
2 73
4 99
5 59
3 70
4
3 97
10 42
7 71
8 11
9
7 10
3 15
3 26
6 33
6 68
9 8
10 66
6 97
3 33
7
9 75
5 22
8 100
5 20
5 76
8 67
5 95
4
9 35
6 78
3 18
8 23
3
9 29
2 66
5 12
19
6 29
3 40
9 36
8 30
2 63
5 26
9 93
2 78
2 22
5 57
5 61
6 97
10 50
2 57
8 22
2 100
1 53
10 35
6 39
8
7 25
7 38
2 87
2 75
8 89
5 88
2 46
3 37
11
9 22
1 8
5 42
4 34
10 55
8 62
5 89
7 5
1 19
5 89
3 53
29
9 72
10 9
7 19
10 41
1 9
4 27
7 58
6 37
6 97
7 76
8 69
7 52
2 78
6 28
4 21
2 58
6 44
2 91
3 22
10 54
2 56
3 6
2 49
7 100
7 48
8 73
7 95
4 96
4 18
17
10 52
9 41
2 21
6 50
3 8
6 88
4 34
4 47
3 68
7 31
6 58
8 81
6 37
7 81
3 23
7 15
6 62
19
1 18
7 18
5 33
5 95
9 75
6 31
10 10
3 25
5 88
7 24
9 85
4 72
9 20
8 27
8 64
2 62
9 80
3 40
6 6
15
4 69
5 91
8 82
2 20
5 2
10 2
2 64
3 71
5 91
5 43
5 27
2 51
9 45
4 9
1 74
22
2 86
2 44
6 45
9 73
1 10
8 97
6 79
8 73
1 38
7 64
2 71
6 18
6 47
3 66
6 86
1 34
8 49
4 14
6 93
2 24
10 68
9 29
30
8 50
2 7
9 17
2 68
5 55
3 87
9 40
10 44
2 74
1 66
10 84
6 73
5 19
4 29
3 8
8 83
10 70
8 49
9 80
7 50
6 63
5 39
2 46
9 94
9 94
9 99
3 89
9 86
6 99
7 15
3
1 47
6 23
6 82
11
1 51
1 42
8 1
9 96
8 93
9 68
7 56
7 61
10 51
3 33
1 91
19
9 97
7 36
9 20
2 45
2 14
8 36
5 42
9 17
6 36
6 4
2 3
2 65
10 69
1 1
6 99
5 80
7 84
4 91
5 66
25
3 97
6 37
2 39
2 31
8 34
3 11
6 52
1 77
7 24
6 73
8 27
7 96
10 79
8 83
2 83
1 64
1 57
7 19
9 82
8 20
1 16
9 20
8 38
2 71
3 74
4
4 13
8 87
1 78
5 37
7
6 2
4 5
6 5
3 66
9 61
5 99
10 63
5
3 23
8 22
6 5
4 42
10 47
6
4 9
9 89
10 73
4 32
7 55
2 63
22
6 56
3 26
6 20
1 69
2 56
6 57
9 55
8 43
3 76
4 39
6 22
1 74
7 61
7 55
9 1
8 38
5 24
4 1
1 31
6 96
2 54
10 84
21
1 31
4 20
5 24
1 29
9 35
10 38
8 2
1 8
8 32
5 21
4 43
6 19
5 85
6 51
5 1
1 86
6 57
10 46
4 92
7 83
2 24
9
5 61
6 7
3 6
6 48
10 8
9 81
5 67
2 72
7 91
8
1 76
7 27
8 53
2 43
7 27
1 14
8 93
8 69
13
5 32
5 100
5 60
3 28
1 2
1 9
6 78
3 31
2 2
3 12
10 39
3 12
1 36
22
9 98
3 1
9 6
10 44
8 42
3 67
2 28
10 45
2 46
1 94
9 54
6 65
1 30
8 93
6 2
9 73
3 46
1 23
7 62
5 70
8 84
3 97
10
9 99
5 75
1 62
5 43
5 24
2 37
7 55
4 27
6 17
10 32
2
1 71
8 97
22
10 55
10 65
4 17
2 91
6 32
3 81
8 69
3 81
2 25
1 57
3 86
7 36
1 69
1 27
2 54
8 83
9 64
2 9
1 12
6 73
3 88
6 98
23
3 30
9 70
8 57
6 35
5 60
3 12
9 23
2 7
1 64
10 29
2 9
7 15
7 5
1 77
10 96
8 29
1 83
1 56
10 40
9 76
7 77
1 3
1 98
6
8 35
6 16
6 4
6 24
3 23
5 53
15
4 90
6 41
1 71
2 46
9 43
3 55
5 69
5 66
7 10
4 74
7 63
9 42
1 65
10 21
3 73
29
5 58
1 29
3 81
3 11
10 59
5 38
8 84
6 70
10 29
4 36
7 12
3 52
6 87
9 33
3 69
8 95
3 9
9 89
1 18
8 41
10 100
3 62
3 89
10 59
6 12
3 93
4 22
10 88
10 21
2
9 83
9 97
7
6 96
1 100
10 19
4 7
6 18
3 8
10 2
20
1 93
10 30
10 31
1 86
7 48
7 16
7 42
6 43
2 15
1 8
4 56
10 58
10 93
6 15
8 83
8 90
9 88
10 99
4 60
7 41
9
8 57
7 11
3 79
8 89
10 84
2 66
3 5
7 45
9 41
24
6 77
2 79
4 6
5 32
9 89
2 95
10 59
2 63
9 39
8 16
2 53
6 91
10 42
2 73
4 52
10 40
10 82
7 61
4 46
4 63
10 73
1 36
8 81
9 64
18
2 82
5 19
7 56
6 25
6 3
4 44
3 39
10 74
9 40
2 97
1 54
1 64
3 93
5 92
3 73
6 87
5 36
1 42
15
10 69
9 55
8 50
1 100
4 64
8 37
6 54
3 20
4 45
10 83
6 76
6 5
8 14
5 5
10 83
18
4 46
6 33
2 67
4 7
8 44
9 68
3 95
6 48
9 4
3 17
5 82
8 25
3 45
2 51
3 67
2 47
9 16
2 57
1
4 65
7
5 9
10 31
3 9
8 55
10 79
9 90
1 67
29
8 76
3 55
1 66
10 43
1 76
5 39
10 91
10 59
10 7
8 42
10 86
2 90
8 39
1 11
7 15
10 67
3 74
9 35
9 95
10 80
9 69
1 14
5 88
5 70
3 54
9 74
3 65
3 72
2 32
8
4 80
4 59
7 53
5 5
5 58
2 90
6 65
3 45
3
2 61
4 26
1 14
26
5 88
6 85
5 40
3 38
9 15
3 42
8 40
5 8
2 55
10 90
2 98
1 70
7 3
8 34
3 4
1 10
6 57
6 89
8 100
6 70
3 6
7 98
5 42
6 93
3 88
6 57
10
10 100
10 90
9 50
2 68
10 53
10 25
9 65
5 28
5 81
8 15
2
6 74
10 19
7
9 85
5 20
4 81
4 82
5 94
2 66
3 76
17
5 23
1 63
2 32
7 67
5 32
5 13
6 3
8 3
1 41
3 86
1 2
1 57
6 72
2 32
4 81
3 11
5 28
17
3 37
2 97
3 55
10 95
6 79
3 42
5 35
9 61
10 10
5 20
8 98
2 76
5 27
9 69
10 65
2 1
7 84
21
9 7
4 83
9 38
2 79
3 1
7 32
10 62
1 78
1 84
5 67
1 100
5 99
6 10
4 15
4 35
2 22
6 42
2 77
5 65
7 3
4 80
20
1 2
5 17
1 36
5 23
4 90
2 28
3 75
8 23
1 96
8 79
1 87
8 68
6 57
7 31
7 96
7 38
6 37
4 63
5 78
7 91
24
6 10
1 4
2 32
7 67
9 54
9 99
5 58
10 14
3 66
3 37
5 80
7 26
6 22
5 46
7 42
1 74
7 64
6 2
10 9
4 92
10 60
8 24
7 94
9 97
17
1 89
7 30
3 57
5 17
2 9
1 63
5 71
8 41
3 6
8 28
2 6
10 82
3 51
9 63
2 95
6 97
8 4
21
2 46
2 54
7 23
1 51
1 62
7 19
8 53
4 98
9 42
4 5
8 40
3 17
9 12
5 70
6 81
9 93
7 87
1 32
2 85
6 41
10 44
11
3 36
5 30
8 61
9 84
4 39
4 61
2 38
5 29
8 28
10 4
10 57
17
3 73
2 15
9 54
8 30
6 15
6 65
3 74
8 70
5 72
2 75
4 98
6 75
7 8
8 39
1 51
4 50
6 24
15
1 1
5 60
7 60
2 22
8 23
7 20
6 76
8 16
6 25
8 3
4 46
3 47
9 5
10 1
9 93
18
5 86
1 4
2 20
9 97
7 23
6 15
8 77
5 78
6 64
6 68
6 84
4 51
1 9
5 21
1 19
4 75
10 16
7 56
9
8 54
4 80
10 30
1 5
8 19
10 32
4 79
1 9
8 22
16
8 86
2 22
10 19
1 69
7 36
1 99
6 74
5 72
7 86
7 58
4 22
6 5
2 64
4 62
7 78
4 87
11
7 72
5 100
1 40
1 3
2 85
8 90
7 73
10 96
7 14
10 59
10 58
14
2 55
7 89
4 35
7 42
9 87
6 74
8 59
6 43
5 51
9 16
7 47
5 54
9 42
9 99
23
6 27
9 33
10 69
5 65
10 61
2 42
4 100
5 79
5 69
1 72
9 4
5 47
3 19
6 2
6 17
5 30
2 73
2 56
2 4
4 46
10 61
1 47
7 93
11
6 21
5 81
1 18
6 58
6 75
6 41
5 48
4 59
8 87
1 64
5 34
1
10 15
14
6 19
1 66
7 33
3 20
10 66
7 12
5 1
4 3
2 87
2 57
5 36
7 63
10 9
7 23
6
5 92
2 16
9 37
8 73
6 6
2 12
15
4 34
3 19
4 71
9 9
10 31
6 3
8 89
6 12
8 11
3 88
1 76
4 34
6 94
3 41
2 59
14
4 13
2 27
10 21
5 55
4 1
2 39
6 62
6 77
1 86
2 32
7 20
7 31
2 35
9 29
24
5 64
6 77
3 71
1 75
3 78
1 90
6 93
10 87
3 69
8 19
3 29
6 31
6 49
2 11
1 78
1 1
9 7
10 18
4 73
10 30
1 7
1 82
1 98
7 30
27
7 43
2 85
10 84
1 71
1 1
3 42
5 94
7 68
8 83
8 58
10 43
3 71
6 24
5 50
1 52
4 91
5 37
2 77
7 97
9 5
6 18
3 1
10 12
7 9
8 37
1 14
7 30
29
10 49
8 14
8 24
7 29
3 10
8 66
5 22
8 69
4 56
7 41
1 83
7 63
7 66
9 52
7 94
2 27
3 28
3 12
10 50
9 41
6 14
6 58
6 62
7 15
7 20
4 36
10 79
4 100
1 76
29
5 22
7 76
7 81
4 34
4 12
10 23
2 15
8 31
8 57
4 45
1 55
3 12
9 30
9 57
6 55
6 53
8 20
3 4
7 17
8 48
1 30
6 69
2 2
8 3
7 49
4 73
5 100
9 96
5 63
7
5 8
10 49
5 73
9 26
8 95
7 91
10 87
18
6 1
4 41
6 5
4 69
10 46
8 54
7 76
4 97
3 77
2 84
7 27
3 70
5 2
3 18
2 2
4 59
1 17
3 39
3
10 10
5 97
9 58
14
5 69
7 25
9 75
6 26
3 67
4 50
6 64
7 86
8 20
2 55
7 74
3 91
6 98
4 4
9
7 57
2 68
7 5
1 85
5 66
1 41
7 2
4 36
8 86
9
7 30
5 5
9 29
4 87
2 91
1 6
10 18
10 57
5 96
5
8 46
8 10
2 64
3 39
1 89
2
7 12
10 20
16
1 84
3 67
1 50
6 83
7 83
9 72
10 23
8 18
2 1
10 47
7 18
8 20
9 16
6 58
3 66
1 97
3
10 15
1 97
10 23
18
10 31
2 83
1 61
3 3
4 6
10 51
5 35
6 54
3 62
3 52
8 35
3 19
5 65
2 30
5 35
8 100
2 6
8 49
12
3 36
8 81
1 89
9 50
7 66
1 5
4 13
10 42
2 51
2 65
6 57
5 71
19
2 29
9 73
6 23
7 97
7 61
9 63
1 67
5 70
8 38
10 61
8 16
7 68
6 76
6 83
6 3
2 78
10 47
1 92
8 67
20
7 95
1 83
7 91
6 21
9 99
10 37
1 80
3 57
9 28
10 34
4 1
8 72
10 60
1 93
4 90
5 74
9 2
4 97
7 17
5 19
21
10 85
3 8
5 7
9 62
5 54
9 78
5 60
5 55
4 39
4 1
3 85
8 20
7 70
8 74
5 26
10 84
3 64
10 53
4 7
3 10
9 41
23
3 2
3 89
4 40
1 7
10 15
2 13
2 99
9 44
6 61
9 14
8 47
1 68
4 29
10 3
5 81
3 39
7 37
8 77
5 91
7 8
2 66
5 18
3 33
25
8 32
2 64
3 23
4 80
4 50
9 50
1 45
1 14
3 96
7 2
6 10
9 11
1 52
9 9
6 35
8 79
4 33
7 71
2 88
8 100
9 96
10 78
3 71
7 12
4 5
1
2 19
20
9 69
7 41
4 79
9 79
8 62
7 62
10 65
8 81
2 34
6 57
6 55
2 11
9 50
7 61
2 72
2 2
5 40
10 90
10 88
1 28
14
2 21
1 46
5 4
1 72
2 67
6 53
9 98
9 5
2 15
8 61
2 50
10 98
7 51
8 73
27
4 49
9 89
9 29
2 64
8 50
6 77
9 81
2 15
1 86
3 33
3 58
1 33
9 43
4 26
3 31
9 77
5 38
6 87
2 55
4 57
5 89
1 40
6 74
1 65
9 48
5 95
7 11
19
3 39
4 41
4 52
8 43
7 86
3 97
3 40
10 68
2 56
2 20
7 24
2 79
4 81
8 4
8 73
3 92
4 50
1 48
2 37
3
4 34
7 23
2 45
14
8 19
8 18
1 7
10 61
7 2
9 5
2 28
1 27
1 72
4 76
7 68
2 98
4 32
9 83
26
8 14
3 45
2 90
8 66
3 21
1 99
1 19
8 27
3 56
4 46
6 64
5 84
10 49
4 81
6 47
10 55
1 65
5 24
10 22
5 94
2 24
2 45
3 72
9 99
6 45
1 22
20
5 36
6 36
3 46
9 62
9 97
7 69
9 91
1 71
4 50
5 97
1 15
1 45
4 89
3 99
1 5
3 79
4 6
1 68
9 29
5 41
3
3 27
3 93
9 19
7
2 95
5 62
6 82
3 83
7 33
8 93
3 29
19
8 24
5 27
3 72
1 57
4 32
8 1
6 46
7 73
1 47
9 71
1 89
10 95
2 71
4 58
4 97
1 52
8 3
7 77
5 22
18
8 35
10 35
10 21
2 30
10 5
6 12
9 74
1 55
2 15
7 20
5 3
8 89
6 98
7 68
6 74
8 84
1 13
6 9
23
10 36
2 2
8 54
3 100
7 73
7 38
5 53
10 13
9 74
10 67
3 36
1 24
6 86
9 89
10 20
5 97
8 31
5 48
9 27
1 49
6 65
7 57
9 82
6
7 36
7 24
3 9
2 6
8 50
3 13
23
5 27
8 87
10 29
4 90
3 99
1 82
2 34
4 76
1 13
9 64
8 4
6 38
9 30
9 67
1 56
4 69
8 77
5 71
1 87
7 20
2 35
10 37
4 55
21
10 19
9 65
9 35
1 69
8 78
2 69
4 39
10 59
7 20
8 54
10 93
3 20
8 56
10 32
4 45
3 26
10 83
9 24
4 48
8 99
10 71
9
1 68
8 79
2 68
3 3
7 5
9 53
6 89
4 13
9 99
26
4 75
6 70
4 30
3 47
2 67
3 69
9 19
10 2
1 7
1 26
5 17
10 97
10 31
10 29
10 6
2 63
2 15
4 77
6 16
4 47
7 47
5 68
9 65
2 84
2 61
7 24
26
9 60
6 28
9 86
1 93
2 77
7 4
7 53
3 54
7 43
7 27
10 70
2 6
5 54
9 43
9 4
6 22
9 47
5 23
5 27
3 37
2 98
10 39
3 69
1 24
10 71
3 9
6
8 27
3 87
8 67
10 98
5 37
9 82
15
10 48
1 92
8 2
10 60
7 20
5 44
8 68
8 40
6 40
1 62
4 11
8 9
5 84
7 100
8 66
9
8 30
6 39
6 75
6 82
3 7
7 1
6 40
7 11
2 71
11
6 10
8 64
5 27
4 47
1 45
5 90
5 43
5 2
1 26
2 74
7 88
20
5 97
5 81
6 72
8 97
1 67
9 46
7 46
2 68
6 95
5 45
9 32
4 38
9 81
4 34
10 98
6 97
8 56
10 21
7 63
2 7
20
9 99
8 45
3 23
6 5
5 46
4 11
8 36
8 6
3 75
3 38
10 85
10 49
9 65
5 67
2 95
5 73
9 20
3 94
10 72
7 10
17
5 23
10 72
2 81
10 14
3 91
6 59
10 60
9 74
6 41
10 98
7 1
1 37
5 16
8 41
6 66
8 30
1 92
1
5 74
30
2 43
1 64
1 96
6 93
5 50
10 92
7 7
3 37
7 33
1 26
6 2
5 16
4 70
9 16
8 64
9 6
2 21
7 69
3 72
1 92
4 67
6 72
10 82
4 40
5 37
10 66
2 33
2 26
1 17
10 82
8
5 100
1 56
6 1
1 86
10 45
3 97
10 17
8 43
5
1 82
4 96
3 61
5 1
5 60
8
7 81
9 57
2 78
3 15
7 41
4 86
9 61
4 48
11
8 14
10 67
9 24
4 86
7 7
5 77
10 70
10 44
7 49
5 59
2 40
24
6 84
2 60
10 55
10 54
10 58
2 20
7 28
1 41
2 28
1 83
9 61
1 3
4 40
5 50
7 22
7 54
3 73
9 39
4 93
2 30
9 65
2 14
6 37
7 53
24
3 3
3 46
9 82
7 43
3 37
3 62
9 71
9 64
8 43
6 40
10 30
7 1
2 51
1 49
8 86
10 66
4 2
5 23
7 24
10 72
5 99
10 12
5 93
7 100
19
10 52
8 84
1 75
4 46
4 87
5 6
9 17
2 37
6 6
2 18
10 26
1 66
3 5
5 50
4 6
7 25
10 13
10 76
2 3
8
8 89
3 22
9 35
4 15
8 100
3 20
2 77
10 72
4
3 69
7 19
8 42
10 37
12
3 93
6 97
2 51
6 46
9 78
8 50
1 9
4 5
1 35
5 85
4 51
3 90
24
7 90
10 91
3 72
2 30
2 20
3 18
1 93
6 79
2 19
8 24
9 100
8 54
2 36
10 12
1 35
7 63
6 47
1 36
5 58
7 12
2 67
1 70
10 34
3 47
8
1 79
5 53
10 55
5 69
6 63
8 62
2 66
6 71
14
2 74
9 68
1 33
3 39
8 1
7 57
10 53
5 10
3 2
8 66
9 86
5 82
8 18
8 7
12
3 66
7 43
3 74
3 30
6 80
4 16
7 91
1 43
4 59
4 28
10 95
9 38
2
5 83
5 92
5
6 76
2 88
6 47
9 6
1 57
14
9 10
2 7
10 46
2 63
7 80
4 88
4 24
3 59
1 55
8 15
5 79
10 44
5 96
6 53
19
2 54
9 23
1 83
6 83
8 51
2 100
3 72
8 37
9 40
4 44
8 6
7 32
2 8
2 79
2 46
10 34
6 93
7 100
2 88
13
7 90
8 69
10 77
8 40
1 52
10 76
1 60
4 41
7 77
3 24
6 80
2 24
8 40
18
9 19
8 60
9 33
8 40
7 51
9 86
8 72
9 93
3 54
5 89
2 13
2 1
7 40
9 85
2 68
8 64
5 52
4 37
22
4 35
4 70
2 51
4 78
1 71
3 81
2 95
7 10
2 88
10 36
8 68
6 68
8 27
2 73
7 53
10 39
10 42
2 93
2 33
4 87
8 23
9 78
8
1 91
2 97
2 6
10 39
5 46
9 31
3 15
10 34
21
6 57
1 72
9 63
8 88
6 29
3 43
5 28
1 48
8 6
10 36
9 46
9 19
5 61
6 27
3 12
8 67
10 80
3 40
7 98
8 92
6 94
4
3 17
3 31
7 71
9 26
15
8 37
2 75
4 58
4 45
10 85
1 60
2 36
7 51
6 83
6 88
4 56
8 56
7 51
6 74
10 34
11
6 96
5 10
3 52
10 40
3 39
5 79
4 78
3 98
8 54
6 45
2 32
17
5 57
4 94
9 53
9 21
9 66
4 38
9 49
5 75
9 48
3 7
6 35
8 57
5 95
7 49
8 83
1 93
8 12
10
4 79
1 60
6 26
10 16
4 97
1 56
7 29
9 46
7 40
6 91
18
2 44
6 91
1 19
8 94
2 76
8 81
6 43
4 69
3 10
1 74
3 76
7 91
5 34
8 64
10 33
6 31
1 34
2 4
21
9 47
9 85
3 12
1 90
9 8
6 56
4 10
7 15
5 56
9 28
7 65
6 5
10 23
1 8
2 26
4 99
5 20
3 63
4 57
7 65
2 74
23
3 65
3 96
9 58
3 85
6 84
9 34
9 73
10 40
5 12
7 52
10 17
1 68
2 7
6 62
2 46
10 20
5 6
5 2
8 75
1 37
2 44
6 89
8 40
17
6 3
1 59
6 14
10 2
7 64
6 5
8 23
3 65
6 36
2 44
7 91
10 72
1 16
7 22
2 73
6 91
1 37
3
7 20
8 20
9 17
18
2 66
3 63
6 7
3 63
10 69
1 36
2 44
5 43
1 46
6 24
2 60
2 84
4 93
6 50
4 40
8 39
1 65
1 32
19
6 57
7 29
6 30
6 25
10 34
2 56
5 42
1 87
3 55
1 59
6 12
8 58
4 15
2 18
5 40
8 19
7 10
1 94
10 82
11
7 81
10 10
7 45
1 57
6 69
8 7
8 21
7 38
9 1
5 21
3 100
25
6 72
2 68
10 69
8 70
7 26
5 92
4 56
8 82
1 78
10 84
6 87
8 30
8 57
3 25
5 42
4 85
4 42
1 97
6 96
1 28
1 35
2 55
9 6
3 31
4 29
21
7 50
3 45
1 90
3 43
7 37
10 62
5 72
7 26
2 6
2 32
1 24
6 5
10 19
10 100
8 1
10 98
4 76
6 84
7 24
10 50
1 45
25
10 73
3 97
2 26
10 21
6 85
2 33
6 19
5 69
10 48
10 47
5 74
6 35
8 83
5 84
5 60
2 19
5 25
10 56
6 59
3 81
3 21
2 26
5 68
7 36
5 44
3
6 15
6 80
6 10
14
3 56
10 74
8 44
1 48
5 20
7 24
6 76
2 66
7 78
10 10
10 90
1 70
10 95
6 73
16
8 79
8 100
3 2
3 53
3 46
10 91
9 8
9 11
6 26
1 12
5 61
7 2
2 83
7 74
7 12
2 94
16
3 54
7 77
4 37
2 52
8 19
9 9
1 43
10 1
7 1
1 3
1 64
4 40
9 74
3 73
6 20
5 53
19
3 24
8 54
2 25
10 60
9 53
7 38
9 27
2 95
4 80
6 10
6 1
1 17
9 73
10 28
4 6
10 98
3 79
3 47
6 67
21
6 28
6 27
1 5
9 13
2 50
5 47
2 79
1 82
5 86
4 66
10 2
4 44
1 82
4 73
5 83
1 30
6 73
7 56
1 16
7 65
3 84
21
5 16
2 4
6 14
2 78
5 35
2 22
6 62
10 1
4 80
9 36
2 32
4 45
3 66
4 40
6 90
7 66
1 60
4 48
5 58
2 17
9 51
2
1 26
9 9
13
6 44
3 55
6 78
5 89
10 8
1 5
2 72
2 88
9 90
8 71
5 96
5 76
3 56
7
9 93
9 36
4 98
1 36
8 53
9 30
6 93
2
2 80
6 15
26
9 67
8 60
9 19
3 69
6 90
7 88
2 2
10 16
8 5
2 66
5 90
5 55
1 79
5 94
1 51
7 23
2 19
7 27
5 53
2 72
9 52
3 9
6 22
8 85
10 53
3 99
18
4 51
3 8
8 56
9 86
2 2
2 76
3 13
2 55
4 81
9 3
6 76
6 50
4 96
5 8
4 57
7 28
7 7
5 20
27
8 67
1 84
6 33
7 35
5 23
5 85
1 5
1 10
9 80
7 70
1 47
9 48
10 37
8 100
3 4
10 68
3 62
4 33
7 90
3 23
9 64
8 87
8 19
10 8
9 27
5 37
4 30
17
8 87
6 76
6 10
8 62
1 54
4 85
8 3
4 93
6 52
5 84
1 88
10 55
8 14
1 10
1 32
9 56
3 69
18
5 43
2 35
3 82
4 89
10 11
10 99
5 6
3 8
3 72
2 21
5 2
2 65
6 28
2 68
4 29
4 11
8 100
4 77
30
1 49
6 31
1 81
7 97
7 22
9 90
1 24
8 20
2 100
1 78
8 44
4 27
7 97
9 23
9 92
2 56
8 51
3 37
3 98
2 69
10 92
5 10
9 20
10 14
1 62
5 100
8 81
7 88
3 25
8 87
17
6 37
10 50
9 53
10 52
9 60
4 51
3 81
2 89
6 15
10 9
8 7
4 36
1 1
10 72
3 73
9 88
7 10
14
5 9
5 81
1 95
8 46
10 45
9 19
2 58
2 20
2 19
5 70
10 2
2 80
10 36
3 35
29
2 11
2 38
6 73
7 94
8 83
8 33
2 88
8 29
6 5
2 43
4 91
7 25
7 48
2 97
6 87
8 90
7 29
3 51
5 4
7 20
4 24
1 44
3 47
1 89
3 88
8 42
9 36
4 87
3 55
20
8 66
5 32
7 16
7 83
1 5
7 14
5 67
5 45
5 46
10 42
3 23
9 19
7 69
8 39
3 11
6 24
5 2
8 42
5 41
8 64
14
7 48
3 70
10 62
7 26
8 94
4 75
4 71
7 99
8 85
7 72
3 25
1 45
6 92
3 4
12
10 34
3 6
2 36
4 68
4 21
8 79
1 82
2 44
1 63
9 30
2 44
7 55
1
9 77
16
8 98
10 29
7 8
10 4
1 69
1 93
6 15
6 70
9 27
2 47
4 55
7 34
6 15
6 67
2 46
3 17
8
1 77
2 29
5 22
7 78
2 18
7 97
4 16
2 75
5
9 28
5 45
6 56
6 27
5 81
12
8 64
5 70
8 76
10 69
6 82
8 19
5 84
9 97
4 81
6 70
6 29
1 7
7
8 71
4 17
6 56
5 86
4 62
3 8
3 25
29
8 88
1 25
10 60
10 61
10 73
8 73
8 38
2 39
7 77
5 14
9 87
5 80
3 54
2 42
9 20
9 81
7 17
6 29
1 38
10 97
9 72
9 69
7 98
4 41
6 44
2 10
1 96
10 6
9 15
23
6 19
4 93
9 42
2 14
1 66
8 46
6 90
8 35
7 81
3 31
4 74
1 78
10 90
2 30
4 28
8 23
5 71
2 64
7 13
8 26
1 79
8 66
2 36
23
9 80
1 90
5 64
10 58
9 7
4 12
1 48
7 77
3 47
2 30
1 83
10 64
6 39
9 79
4 21
2 74
3 83
8 5
2 70
8 68
1 52
1 1
9 4
28
1 83
7 37
3 10
7 1
4 17
5 9
7 37
1 34
8 13
3 22
2 1
2 26
7 16
9 76
2 46
1 8
6 34
4 87
9 58
4 62
1 44
10 1
6 79
1 50
4 13
6 73
9 35
2 87
3
6 88
7 70
10 27
16
8 37
6 31
1 95
2 41
1 23
4 72
1 66
1 32
7 82
9 66
3 56
10 42
6 37
3 44
6 82
8 17
21
10 81
10 45
1 46
7 96
7 2
9 84
1 54
1 26
4 45
1 26
10 94
5 40
9 60
9 27
10 80
10 83
9 21
8 32
7 69
3 55
10 3
15
10 2
2 27
6 86
5 87
9 92
3 93
6 4
1 20
2 46
7 30
1 38
1 47
4 43
10 79
4 43
3
10 79
5 19
8 77
15
10 39
10 70
1 88
1 91
6 88
1 59
9 76
10 40
2 52
2 7
7 98
2 45
9 70
3 82
8 92
22
7 61
9 92
1 43
10 29
6 27
10 59
7 57
6 29
7 1
3 49
1 27
1 97
4 45
4 21
8 49
9 17
10 66
8 30
8 82
1 9
8 86
2 80
2
3 98
7 25
14
10 63
8 77
1 56
6 9
1 21
2 52
8 53
4 22
8 12
9 6
7 76
5 6
8 45
7 57
24
7 82
1 32
2 29
10 8
1 80
10 83
3 31
3 33
1 34
7 19
4 21
10 74
8 66
9 54
8 60
1 2
4 54
4 44
1 45
6 44
8 64
4 86
10 80
3 18
7
5 57
2 99
4 7
9 1
6 2
10 66
6 58
1
1 14
5
8 82
8 26
2 8
3 89
2 39
2
6 53
5 63
29
10 35
8 46
7 97
4 46
10 52
4 100
2 19
7 74
4 46
8 25
10 8
3 53
6 94
10 77
1 2
6 68
3 30
8 63
8 31
2 81
2 40
10 37
10 56
1 47
3 96
5 18
3 33
8 20
6 58
1
5 36
8
1 9
2 37
5 61
3 37
4 42
8 33
6 3
3 13
14
3 13
3 31
8 86
2 24
4 67
2 6
6 32
10 34
1 87
5 52
1 15
9 78
8 56
9 61
5
9 58
3 82
6 38
1 77
10 92
30
10 45
6 97
7 38
10 78
3 2
4 97
3 96
6 77
1 1
4 59
4 4
7 8
4 74
7 24
10 14
8 43
1 71
8 36
3 40
1 78
6 67
4 16
2 88
1 71
9 5
10 46
5 45
10 98
4 59
2 87
26
7 13
2 32
6 6
4 5
1 32
10 15
4 65
10 32
9 77
4 62
2 81
4 60
3 3
5 98
9 72
6 51
2 25
10 89
5 50
3 65
10 47
4 83
4 95
1 3
6 12
5 24
17
7 4
6 3
7 50
4 46
2 97
9 18
10 19
8 25
6 55
2 58
7 27
8 92
1 72
2 13
5 94
7 69
3 4
4
2 87
1 21
2 71
8 66
24
5 56
1 29
4 9
4 32
4 23
2 1
6 3
10 39
10 33
2 50
9 38
7 50
7 70
2 39
1 30
6 4
4 87
5 16
10 99
2 50
2 43
5 45
3 67
1 6
8
10 46
3 97
6 2
3 64
5 97
10 81
5 44
7 91
27
2 86
5 14
9 80
4 55
2 63
10 20
3 65
3 5
4 26
10 58
5 16
4 27
1 11
7 53
10 72
9 3
7 74
3 43
7 35
7 78
7 58
4 36
2 9
6 38
7 45
10 47
6 62
24
10 74
10 93
10 5
4 27
9 62
5 14
1 48
4 78
5 52
2 3
4 77
7 95
5 73
8 6
2 54
9 95
9 3
9 1
7 9
2 2
8 95
4 89
6 20
1 88
12
6 98
7 43
3 15
7 92
8 27
6 86
9 81
1 74
7 52
8 9
7 55
10 78
18
1 57
3 39
3 12
9 46
5 63
6 68
10 17
8 46
1 97
8 23
7 27
10 25
6 10
4 7
5 19
5 99
9 48
9 60
22
10 49
9 45
8 98
4 81
2 90
7 98
2 32
9 18
7 82
1 12
9 30
7 62
3 95
8 23
9 38
6 47
1 79
8 84
6 70
9 13
10 60
1 36
13
1 47
5 26
9 85
10 79
9 44
4 6
5 99
8 60
7 19
4 32
7 85
5 40
9 52
14
10 11
5 62
2 37
8 56
8 72
8 65
10 2
4 19
5 69
3 30
9 95
8 48
8 43
5 27
3
8 82
8 48
10 90
29
2 75
6 16
2 66
10 100
9 8
3 83
7 93
4 63
2 69
4 44
2 39
1 87
8 84
5 13
10 15
9 98
3 73
9 36
6 16
6 30
2 64
8 18
10 40
9 11
4 41
1 74
1 56
1 1
6 30
19
8 36
2 2
9 23
8 65
5 36
2 19
9 77
8 28
5 88
4 51
6 73
8 53
1 3
6 31
7 50
8 40
1 37
9 69
5 40
29
6 6
3 57
2 18
7 26
2 93
2 99
8 80
10 24
2 55
8 74
4 73
8 44
1 97
10 16
8 29
6 3
9 63
10 10
5 2
4 46
5 38
7 6
1 84
8 77
2 14
6 65
10 75
1 75
10 3
22
5 21
5 29
2 73
7 94
1 80
5 43
10 49
5 44
2 46
5 71
10 96
5 54
3 38
10 45
2 98
1 87
6 78
10 7
10 29
9 76
10 51
9 85
5
1 50
2 25
4 6
6 87
10 81
21
2 19
6 50
9 39
7 15
7 71
7 53
10 78
6 49
2 88
3 1
8 38
3 5
2 34
3 19
1 69
10 5
4 24
2 67
1 54
5 11
3 68
11
8 11
1 19
10 79
4 69
1 74
4 19
9 9
6 65
5 48
9 12
1 95
11
10 79
8 73
6 44
6 6
3 76
6 62
1 91
8 4
5 22
1 4
8 45
18
8 36
5 6
2 77
6 54
7 93
10 12
4 3
4 50
2 46
1 87
10 59
9 68
10 32
7 21
7 51
8 52
10 34
10 82
6
6 16
2 72
3 20
10 12
6 69
5 93
5
8 65
7 69
5 79
9 89
6 29
16
4 15
3 83
7 29
10 70
4 23
5 97
2 1
5 48
2 34
8 60
6 33
6 91
3 75
2 26
5 52
8 65
21
10 19
2 46
9 15
9 75
3 47
1 96
5 11
8 9
9 28
8 35
2 5
7 20
10 39
3 46
5 76
4 25
2 94
1 87
1 52
8 69
7 75
14
9 56
10 47
8 64
9 5
5 95
4 77
5 99
9 42
9 57
10 83
8 86
10 17
4 70
3 54
29
2 68
3 30
1 33
2 71
8 22
5 100
1 87
9 16
9 4
3 64
6 90
8 22
6 52
5 32
9 68
5 65
6 20
5 100
2 57
8 6
7 20
8 34
1 59
3 48
1 49
1 25
8 8
2 20
1 93
19
6 53
2 81
8 3
10 36
5 31
9 15
1 78
9 5
3 25
6 29
8 23
10 35
4 15
3 56
1 72
6 71
4 67
9 7
4 43
1
2 98
25
4 62
8 25
8 66
5 49
9 32
4 78
9 52
7 2
3 64
5 75
1 43
1 26
7 24
9 74
2 68
1 27
4 75
2 89
9 51
4 56
5 89
3 38
1 94
9 51
5 24
11
5 43
8 83
6 84
9 9
8 61
4 11
8 34
7 68
5 84
9 87
4 79
7
3 6
4 61
10 3
9 45
1 92
10 7
9 60
7
10 58
9 40
4 44
2 89
8 62
2 49
6 22
26
9 82
1 31
6 77
8 34
1 87
9 90
9 20
9 2
1 86
1 36
6 85
4 83
8 42
4 7
4 85
6 45
8 12
10 79
2 13
1 57
7 22
4 52
3 97
4 54
9 55
2 24
26
3 24
3 100
5 10
7 46
8 84
3 82
5 98
8 90
3 59
3 2
9 71
2 66
2 35
6 56
2 18
1 73
5 77
6 25
2 99
4 62
4 81
8 26
7 100
8 58
9 2
4 73
27
9 47
7 9
10 86
3 49
9 63
4 10
3 91
1 50
2 16
10 46
4 35
2 70
9 68
5 79
3 72
8 65
5 21
6 56
4 16
8 19
10 14
5 82
1 33
10 97
5 45
9 29
1 78
2
9 83
5 25
23
10 49
8 97
10 79
1 43
1 91
10 85
7 5
1 73
3 75
7 19
4 24
9 85
10 29
1 45
2 52
10 75
1 41
1 37
2 70
3 73
7 12
6 42
4 63
6
2 4
4 16
5 4
8 94
7 48
8 22
22
7 56
4 83
2 1
6 3
10 41
10 5
3 35
6 58
2 48
4 84
7 23
9 23
10 88
6 64
9 30
8 7
10 68
8 33
5 43
3 16
10 6
1 35
5
6 40
9 62
7 64
3 24
1 4
25
8 30
1 96
3 31
2 96
7 82
8 97
9 88
4 15
2 82
6 22
3 11
1 59
2 87
10 72
7 51
10 40
8 37
7 72
8 60
1 10
8 6
6 11
7 89
10 79
10 68
19
6 41
6 65
9 71
8 19
2 32
6 79
6 94
7 50
9 48
5 43
2 89
10 4
4 55
6 97
9 68
9 8
2 45
7 76
7 93
9
10 60
10 84
3 67
3 22
5 88
7 10
9 29
5 79
10 87
21
3 67
1 47
1 54
8 76
4 90
10 59
7 1
8 35
7 83
9 48
2 89
6 33
1 64
5 46
5 92
10 57
3 47
3 60
5 25
6 32
10 50
30
7 54
9 38
6 27
3 44
6 14
7 46
3 94
3 84
6 78
7 98
4 57
2 84
5 59
10 68
4 23
6 72
9 32
8 55
10 67
10 20
8 37
2 78
1 10
9 94
1 29
5 45
1 86
6 98
7 15
7 18
16
4 83
5 72
4 79
9 80
8 7
5 88
1 37
6 63
4 82
9 45
1 49
6 49
6 50
1 40
1 82
7 72
4
7 17
2 32
8 49
7 41
28
4 3
10 47
10 88
4 5
5 1
5 48
7 84
4 7
6 22
1 77
5 7
2 54
9 30
6 68
8 59
2 69
6 53
3 81
7 35
8 16
6 73
8 74
3 42
5 41
9 18
6 97
10 73
3 68
29
7 8
7 17
1 87
7 97
8 39
8 70
2 30
5 33
1 20
7 31
9 3
10 95
4 87
1 54
8 72
9 21
10 24
3 35
1 72
2 59
10 90
9 89
1 53
4 55
5 3
6 80
4 93
2 27
10 57
9
2 19
3 35
1 100
1 82
8 99
3 76
4 60
9 100
4 32
16
4 87
5 85
7 87
1 29
9 99
5 74
4 1
8 46
3 77
4 70
10 47
4 54
5 16
2 97
2 68
5 87
26
5 41
2 21
10 50
2 95
9 98
9 39
5 94
9 58
6 63
1 31
3 76
1 20
1 53
4 96
4 75
5 68
8 90
1 26
2 29
6 82
2 40
5 74
1 58
2 83
6 28
3 92
5
9 90
2 61
3 71
2 51
4 12
11
9 45
6 24
1 86
5 26
1 15
1 35
5 30
7 100
8 63
1 97
10 77
3
6 70
10 5
9 8
12
9 66
2 88
5 42
8 32
6 67
10 57
9 72
3 79
5 47
8 34
4 4
4 28
19
7 2
10 17
7 59
5 27
1 39
5 40
3 58
3 4
1 1
5 5
5 68
10 9
6 45
3 27
10 19
2 32
8 28
9 53
10 6
13
3 74
1 75
10 13
9 45
5 40
6 22
7 49
5 26
4 46
7 33
10 71
2 68
2 69
21
4 66
8 41
2 10
3 10
5 67
8 33
9 95
10 61
8 60
10 48
5 24
9 70
6 70
1 18
8 25
10 99
9 31
2 68
9 92
8 4
6 53
16
4 28
10 84
9 52
5 60
9 10
9 92
2 41
10 80
8 34
1 97
9 22
6 79
1 32
9 24
1 79
8 57
30
10 95
1 11
4 74
1 70
5 53
10 78
6 5
9 74
1 81
7 91
6 65
3 99
5 13
10 16
3 31
7 35
8 32
7 87
7 43
7 77
5 23
10 77
10 82
2 8
1 83
7 80
10 76
10 100
7 35
7 69
8
7 18
2 50
4 82
5 16
5 5
1 12
2 77
2 65
11
8 99
9 12
8 93
8 62
2 52
5 35
3 57
4 64
10 43
2 16
10 66
24
10 44
9 63
2 79
6 22
1 27
7 8
9 26
1 75
4 31
7 29
4 28
10 49
3 11
7 19
5 80
6 2
7 36
4 36
7 18
7 9
7 88
5 53
10 77
7 35
11
1 27
9 80
9 69
7 86
9 84
7 2
7 10
8 22
6 50
7 76
4 15
15
10 35
7 73
9 25
4 32
10 30
6 99
6 38
5 87
2 44
3 48
8 53
5 65
9 83
8 12
2 41
30
5 49
7 51
2 52
2 28
1 76
4 88
8 75
3 78
5 56
10 10
8 70
6 79
6 51
2 33
7 77
5 91
3 23
4 54
3 65
10 47
4 65
9 53
3 23
9 33
5 47
6 20
9 72
4 73
7 4
2 15
5
7 56
1 13
8 82
2 38
3 40
6
7 93
8 5
10 51
5 35
7 22
7 80
1
1 8
17
10 82
3 11
5 47
6 74
4 53
7 36
8 24
2 60
8 64
4 7
10 58
7 25
9 42
6 9
2 62
6 8
8 73
28
3 14
7 36
5 95
8 49
2 9
7 51
9 62
3 8
10 85
3 37
3 95
7 42
6 23
9 1
2 52
7 54
10 4
10 75
3 64
2 77
9 84
7 71
8 60
4 100
6 29
4 38
1 41
3 72
11
2 46
4 54
10 74
9 91
7 4
7 14
5 69
9 46
1 6
2 27
10 10
2
2 8
10 19
7
8 9
2 38
2 85
4 51
8 78
1 99
10 87
21
10 14
2 28
9 38
2 97
2 26
2 50
5 54
6 9
1 67
9 48
4 99
4 42
3 21
5 26
1 73
8 17
7 31
8 9
7 55
3 12
3 99
19
10 76
5 22
4 43
4 39
8 50
10 96
3 3
5 98
8 60
3 61
5 87
3 82
8 14
1 84
9 69
4 48
1 69
3 60
1 36
28
2 71
3 70
3 37
2 2
5 65
5 38
10 68
10 59
2 84
10 32
10 77
8 52
6 62
7 6
10 77
7 97
6 54
10 1
2 40
4 73
2 76
3 9
9 4
7 3
4 11
9 36
10 85
9 46
29
7 75
1 25
9 26
4 98
2 42
4 59
1 50
4 86
10 99
10 59
9 53
8 6
9 79
7 81
10 90
4 29
3 37
4 17
6 93
5 29
7 29
8 58
6 70
8 11
9 35
9 79
4 99
10 76
9 54
24
3 22
4 57
7 12
8 17
10 39
4 95
2 11
9 69
3 58
5 27
1 65
5 72
8 53
9 80
2 84
7 34
2 54
6 72
8 70
8 25
9 59
10 33
3 72
1 70
7
3 21
1 6
7 98
3 95
10 73
10 70
1 81
1
5 80
12
6 84
8 77
3 40
6 40
10 24
7 62
7 37
9 41
5 54
10 50
1 5
10 10
24
3 10
6 47
4 78
9 86
8 8
10 75
3 54
2 17
10 38
3 64
9 11
8 40
10 26
7 59
9 80
9 59
7 73
10 74
9 2
9 20
5 48
1 90
9 29
8 15
17
3 26
3 74
9 48
6 97
10 37
4 76
5 95
8 62
3 51
6 100
1 79
6 68
1 45
4 35
2 40
7 96
9 6
18
6 37
2 57
10 95
3 76
3 64
1 83
9 34
10 14
1 35
1 30
3 49
4 5
10 20
8 7
3 60
6 55
3 78
4 37
14
1 66
9 85
4 90
7 34
10 44
1 26
2 23
5 73
1 74
1 37
1 20
3 19
7 21
8 7
10
4 98
2 66
8 79
4 98
9 55
6 97
1 44
10 55
2 12
2 39
24
7 42
8 64
2 61
10 50
6 13
6 100
10 82
8 52
2 99
2 57
10 50
5 23
9 44
6 96
10 39
3 35
10 48
10 12
3 51
5 59
9 70
3 60
3 40
9 11
11
8 91
7 89
6 26
9 94
7 24
3 38
1 45
7 58
2 87
9 72
7 90
2
9 99
5 85
26
1 96
10 69
8 12
1 39
8 54
9 98
6 62
5 51
6 39
4 60
10 81
5 75
8 100
6 5
4 78
6 16
6 4
7 55
5 3
6 58
7 12
5 17
7 52
3 89
10 4
4 26
28
2 19
5 68
4 44
9 50
7 7
3 49
10 45
6 91
6 90
9 46
9 56
6 22
1 38
2 38
8 3
1 37
7 50
5 77
6 80
7 63
1 94
8 11
1 3
2 75
10 68
6 52
3 9
6 43
10
5 5
10 62
7 39
4 53
4 97
10 3
5 35
1 93
10 78
5 72
3
8 71
10 86
9 25
2
6 75
6 99
26
4 27
1 72
2 11
2 24
7 6
7 60
5 4
10 77
1 91
1 89
10 97
1 53
8 50
5 24
5 30
9 40
3 90
3 29
2 57
2 24
4 50
4 100
8 20
2 65
3 59
7 92
24
10 19
7 51
10 61
10 49
2 97
10 93
3 83
7 57
6 19
1 35
9 86
8 28
2 78
10 46
10 37
5 85
6 21
3 93
2 37
3 72
7 85
9 65
1 69
9 95
15
8 6
2 75
1 99
7 90
7 58
5 57
1 93
9 66
2 86
8 67
4 66
3 21
1 74
1 54
1 64
11
6 99
5 14
6 26
2 77
2 34
8 27
5 17
9 2
8 87
9 31
6 32
22
4 62
1 80
10 58
9 38
2 73
6 23
6 39
5 14
3 91
4 31
7 99
5 25
6 92
4 53
2 72
3 50
9 98
7 34
3 100
2 88
10 96
4 28
4
3 60
5 75
5 27
5 24
20
8 64
8 77
2 89
10 82
3 85
3 37
10 81
3 93
4 62
1 76
4 69
5 14
5 88
6 10
9 69
2 53
1 8
6 11
2 92
8 25
27
5 27
6 36
7 12
4 22
5 59
8 54
3 86
7 20
8 91
2 35
5 48
9 71
6 74
9 18
8 80
8 59
6 14
5 54
7 24
2 10
3 61
6 29
10 48
8 65
1 39
6 79
9 45
23
4 57
8 86
4 55
3 10
8 86
3 10
6 28
10 15
8 6
10 49
2 81
10 58
7 4
7 84
9 48
5 87
2 95
9 82
3 46
1 84
5 11
10 55
9 2
16
7 21
7 94
7 75
2 65
9 61
10 50
3 44
2 62
6 39
8 34
5 28
5 48
1 9
3 51
8 9
1 100
6
7 58
10 9
2 17
3 15
6 76
5 50
22
3 21
6 94
9 65
3 13
4 55
7 58
1 41
5 37
3 8
8 67
8 62
4 41
4 6
10 39
1 70
2 27
10 75
1 97
1 100
6 64
3 74
5 42
23
6 19
10 33
9 97
1 33
8 92
7 72
10 8
6 84
4 26
8 79
7 44
7 5
3 91
3 15
4 75
3 59
3 21
7 54
7 3
5 59
10 64
3 31
6 12
25
9 68
7 95
3 72
7 100
9 38
6 8
1 28
5 75
3 67
10 72
3 69
4 50
6 24
3 5
7 84
3 75
2 5
7 9
10 14
1 5
5 48
7 98
3 55
3 1
5 67
11
9 84
6 54
7 60
5 98
4 35
3 54
9 98
2 62
7 40
3 74
4 70
16
10 87
10 65
9 94
5 42
3 59
9 7
5 94
10 51
5 37
5 84
6 87
8 79
4 3
3 78
4 47
5 37
28
7 68
6 92
4 32
9 98
8 79
6 80
3 34
3 10
4 33
2 67
7 83
4 84
10 86
10 68
1 47
4 27
9 77
10 49
6 84
2 71
2 5
10 89
8 94
9 3
1 12
6 70
5 97
4 19
14
7 19
5 94
10 55
8 95
10 65
4 30
1 83
9 79
8 84
6 18
4 71
8 63
6 59
9 6
8
4 87
2 57
6 54
4 44
2 51
4 11
6 63
5 64
24
9 85
5 33
10 34
5 58
4 4
4 89
5 13
3 35
1 40
8 55
2 1
5 29
9 58
6 87
2 63
8 24
6 12
6 94
1 27
2 92
10 56
1 35
2 77
8 43
28
3 83
3 34
7 29
2 18
8 94
6 23
3 16
4 26
5 29
9 17
7 75
3 55
10 25
9 29
2 51
5 77
2 96
4 7
6 61
4 27
9 34
1 41
8 64
2 54
10 73
9 43
7 19
3 92
5
6 34
5 22
8 29
1 48
2 31
7
2 91
7 83
4 68
3 76
2 86
5 9
2 69
22
5 46
4 8
2 10
4 63
3 96
10 49
8 73
10 26
6 82
6 77
1 57
2 3
2 45
10 35
2 74
2 65
2 88
10 5
10 75
1 93
4 62
4 40
28
6 57
6 88
1 52
8 87
6 87
10 23
5 20
5 51
3 11
10 6
4 52
10 89
4 72
10 22
7 18
4 57
4 92
3 11
10 55
1 62
4 65
6 50
10 30
2 11
6 24
5 3
2 31
2 85
30
5 78
9 78
6 34
1 20
3 18
8 49
5 19
3 36
3 81
6 72
4 10
9 25
1 1
7 37
10 95
5 59
8 86
9 35
4 13
3 49
10 79
7 40
5 6
8 21
3 78
7 43
9 18
8 67
6 61
6 44
14
7 90
7 44
7 20
8 77
8 17
5 84
9 42
6 97
7 94
8 98
7 13
6 78
3 9
10 81
26
8 22
7 59
6 6
7 6
7 12
4 10
9 20
3 38
2 72
6 29
3 82
2 6
3 1
4 37
10 87
1 41
2 69
4 77
3 57
8 61
10 51
10 63
1 30
3 25
5 44
5 98
7
2 32
7 92
5 2
7 86
10 98
6 87
4 22
13
8 78
3 74
1 19
6 58
7 61
6 87
6 56
2 17
8 99
1 54
6 59
5 17
4 84
5
7 52
10 75
8 91
9 65
8 23
20
7 54
4 21
1 32
3 6
3 25
9 12
8 27
4 33
3 84
4 72
3 80
7 60
10 76
10 25
5 97
2 10
10 64
5 86
3 40
6 69
27
3 22
2 58
10 87
3 83
6 95
2 59
2 95
8 67
5 47
6 85
3 53
4 36
10 43
6 34
7 85
6 59
6 59
5 7
1 5
1 9
7 79
5 53
9 51
7 64
8 35
7 94
10 90
8
8 73
7 97
10 39
6 52
9 94
6 96
1 4
5 91
18
1 73
4 37
7 38
9 14
1 38
10 16
10 68
2 73
4 9
1 44
1 72
2 24
5 12
9 49
6 32
4 6
4 68
7 30
24
7 99
3 8
8 99
8 47
1 90
10 23
10 36
1 34
2 3
1 98
8 53
6 4
6 20
7 10
2 51
1 87
6 40
9 23
9 5
4 56
10 62
7 56
9 42
6 48
20
1 93
3 51
4 35
4 11
10 23
8 6
9 43
8 80
2 69
9 3
9 14
8 8
7 2
5 94
9 19
1 4
4 71
6 63
5 70
2 9
14
4 64
8 71
10 34
8 71
4 99
6 6
10 88
10 56
10 42
3 70
8 43
6 85
1 100
7 100
10
7 15
10 11
4 22
3 50
10 68
3 80
6 71
8 54
8 6
7 2
5
5 11
1 47
6 93
6 9
9 54
23
8 66
8 6
8 70
3 73
2 34
8 47
7 40
9 96
3 26
3 57
6 4
7 75
3 9
10 97
2 66
1 34
10 19
10 40
5 49
2 82
10 86
8 91
7 58
7
7 23
1 86
5 39
3 47
2 84
9 31
1 47
10
3 41
9 95
7 2
7 2
1 80
2 64
1 81
7 51
3 95
3 55
27
1 67
2 72
10 67
5 49
9 82
4 61
2 6
2 81
6 48
4 25
2 33
9 98
8 89
8 13
7 9
5 38
9 99
8 18
8 30
1 82
4 77
4 67
7 95
2 75
1 65
7 67
7 22
7
8 81
6 3
4 29
2 68
7 93
1 77
1 42
23
2 77
2 25
7 59
5 24
9 20
1 24
1 97
7 20
10 79
4 81
3 28
2 5
8 45
5 18
10 35
1 91
5 63
4 54
9 74
5 78
3 70
8 65
4 23
24
6 81
8 96
1 31
6 53
5 42
8 70
8 57
3 99
6 32
5 27
4 26
4 30
5 20
7 46
3 34
6 21
6 70
10 24
6 18
10 8
9 42
9 49
7 86
10 21
27
6 76
1 37
5 53
6 2
3 94
9 79
7 38
7 22
10 67
1 51
9 47
7 96
4 17
5 48
2 55
2 9
5 29
1 95
8 61
5 58
7 90
7 15
6 25
1 36
6 45
1 24
9 65
7
7 65
6 48
7 96
1 77
7 96
5 85
2 7
1
5 7
3
1 6
1 80
7 92
1
5 16
7
3 29
4 94
2 43
5 39
3 4
8 87
8 8
5
3 12
2 24
4 97
1 1
5 3
7
2 14
7 25
10 27
7 95
5 81
10 40
2 35
21
1 83
4 21
10 13
2 93
5 13
1 31
5 60
2 51
5 5
5 84
10 12
8 99
9 60
6 46
4 11
3 54
4 84
6 46
8 5
7 50
10 42
4
7 25
4 31
8 4
4 88
24
7 100
5 67
3 71
6 35
4 46
9 68
4 83
7 73
2 71
8 55
10 99
6 66
1 54
9 52
1 18
8 18
4 77
9 62
6 7
4 64
2 32
4 84
6 27
9 10
6
7 55
5 92
6 57
10 17
4 38
3 32
16
8 60
8 39
6 84
10 25
8 17
8 27
2 59
7 28
10 70
6 88
7 72
7 72
7 1
8 38
6 98
7 79
15
8 97
10 88
3 60
4 87
10 14
4 19
10 29
5 59
6 4
8 54
9 65
5 9
7 59
8 57
8 39
3
7 54
2 55
10 52
20
8 76
4 89
8 73
2 79
10 33
7 96
2 44
5 72
8 18
8 10
9 26
6 8
5 38
3 60
10 94
9 15
5 97
1 42
2 22
4 92
25
7 56
8 95
9 21
5 23
2 28
5 84
8 64
6 66
4 21
5 33
1 24
8 64
9 43
4 42
5 22
9 96
10 3
5 96
9 31
10 51
5 52
5 46
2 44
4 70
4 47
18
6 22
8 5
2 59
3 96
1 95
9 44
3 33
3 24
9 7
6 46
1 6
10 15
9 13
5 55
5 24
5 50
4 10
10 54
9
6 58
2 84
8 17
3 79
8 11
1 47
5 93
5 56
7 19
29
7 17
6 18
7 7
10 22
4 94
2 56
6 71
5 98
9 38
4 9
3 87
8 13
7 38
8 20
1 2
10 74
1 17
6 28
1 19
3 57
2 15
5 16
5 59
6 11
2 64
10 12
6 6
5 59
10 2
8
4 48
7 96
10 76
2 56
4 37
6 59
9 39
4 20
14
3 41
6 12
1 32
9 2
6 41
3 94
4 41
2 68
3 3
10 1
3 75
7 55
10 89
2 39
25
2 77
8 46
6 79
1 78
3 65
3 58
3 74
5 47
3 51
2 7
4 83
9 39
8 73
10 65
7 81
7 54
9 48
8 75
4 96
3 11
10 16
1 57
3 72
4 48
6 45
4
2 48
7 54
2 25
10 51
11
7 15
9 1
8 13
7 82
4 97
1 9
9 90
8 9
9 84
6 24
9 93
22
8 97
1 35
2 8
2 74
6 6
9 76
4 83
4 83
10 72
9 61
6 74
3 87
7 26
6 17
4 29
5 38
2 84
3 37
10 25
2 74
1 58
2 32
1
7 71
16
4 10
10 57
7 90
3 44
5 34
8 16
6 55
2 15
5 86
10 5
2 39
5 62
1 33
1 87
9 17
7 92
29
9 59
6 84
10 12
8 38
4 82
1 72
3 50
1 52
1 46
1 77
2 97
6 22
7 15
2 1
4 70
10 48
4 52
6 25
4 23
6 93
7 20
9 16
9 81
8 80
8 29
7 88
10 71
5 72
4 28
20
1 95
1 62
10 70
5 19
9 3
5 39
3 48
5 25
5 17
10 44
7 99
8 30
9 40
8 65
4 82
6 45
6 74
3 46
4 17
9 87
12
5 98
2 46
4 58
1 14
6 88
5 70
6 68
6 65
10 17
5 9
3 37
7 36
13
2 77
3 24
3 67
8 64
7 12
3 42
6 75
7 5
7 5
8 78
10 20
6 29
9 45
5
2 28
8 78
3 20
9 3
6 51
27
2 97
1 95
4 55
7 45
4 82
9 1
8 76
6 80
8 19
3 37
5 35
1 80
1 60
2 55
3 14
2 82
6 14
10 64
9 52
5 86
9 34
1 83
2 38
8 57
3 91
5 90
9 69
28
1 75
2 60
5 24
8 46
7 48
10 84
1 28
6 41
8 57
2 47
2 3
8 61
1 78
7 61
10 61
5 74
5 90
5 9
6 1
9 53
8 64
1 18
10 100
8 38
5 58
10 60
10 8
8 70
25
9 7
8 68
9 95
1 26
4 60
4 47
1 33
7 73
5 18
2 29
6 17
10 35
4 5
3 24
1 72
10 67
4 29
3 29
6 95
4 35
1 60
2 69
1 84
1 68
8 46
27
4 74
4 63
6 86
9 68
3 55
3 87
4 84
7 49
9 82
3 77
4 13
5 53
3 61
6 55
10 33
6 26
1 73
1 11
8 96
2 21
7 12
5 75
5 62
4 93
10 3
7 48
1 55
13
1 97
7 93
4 25
1 83
10 58
10 47
4 90
5 57
4 9
2 99
9 76
4 64
10 86
25
9 30
5 39
8 84
7 55
1 26
7 19
3 46
7 32
8 35
6 85
6 31
10 11
3 8
4 13
9 8
8 71
1 97
2 54
9 68
5 79
9 29
6 74
5 62
8 2
8 82
29
8 74
6 16
4 92
10 26
2 52
4 76
2 73
2 98
8 7
5 55
6 11
2 15
2 18
4 75
3 9
2 14
1 43
4 80
5 16
7 13
8 28
10 51
10 62
8 83
8 7
9 24
9 65
2 52
6 42
5
6 53
8 81
3 36
10 45
1 93
11
1 37
3 25
4 33
4 69
7 90
8 88
3 51
10 47
7 82
5 24
8 70
1
3 1
18
6 7
4 84
1 57
2 53
5 30
2 14
2 47
6 50
10 21
1 52
3 39
10 65
1 66
1 99
10 45
4 69
2 56
2 9
16
5 42
2 43
9 63
3 39
2 97
6 14
7 60
7 50
3 46
8 38
4 70
2 14
3 93
6 68
10 46
7 81
3
10 30
7 100
3 10
27
3 23
7 45
6 56
5 46
8 63
4 93
8 48
3 81
8 26
6 59
6 85
7 67
2 83
9 35
1 49
3 39
3 55
2 30
7 11
3 18
10 47
4 77
9 50
5 16
6 78
5 2
9 71
22
8 15
8 76
8 51
7 50
7 91
8 52
5 32
10 64
7 50
3 15
4 89
7 16
7 77
10 15
6 9
5 15
3 55
5 44
5 42
2 33
6 61
4 19
19
7 76
7 87
8 97
9 1
9 47
8 98
2 13
6 60
6 15
1 4
7 83
4 27
7 83
3 62
8 45
3 59
5 34
2 89
1 55
4
6 62
6 83
5 15
6 43
24
10 8
7 83
8 75
4 60
8 88
10 30
6 95
7 31
10 42
8 54
9 86
10 42
8 90
9 72
3 4
1 54
7 92
8 59
9 94
4 34
5 48
2 5
7 72
3 31
13
7 76
7 20
2 23
4 94
8 45
6 55
4 95
4 21
4 25
7 67
7 31
2 72
8 29
5
5 24
9 54
8 64
1 70
6 75
9
5 64
9 86
10 75
4 54
10 29
9 100
6 4
3 36
4 56
11
6 10
7 31
6 68
2 35
3 29
6 24
4 28
4 8
3 86
1 52
10 73
15
10 37
4 2
6 13
7 81
2 72
2 27
1 29
5 54
7 41
10 6
5 86
8 94
8 29
9 52
10 1
23
8 29
9 70
9 22
1 72
2 60
7 37
10 50
3 94
9 66
10 65
1 44
9 26
6 92
1 35
3 7
8 95
6 72
5 26
7 57
6 27
3 48
7 25
8 35
26
1 42
10 88
10 46
6 5
7 63
3 8
10 88
4 77
6 97
5 21
3 31
4 2
4 31
5 27
4 83
6 18
8 36
2 25
9 27
9 89
8 77
5 93
10 58
6 38
8 75
7 50
1
10 96
14
10 4
4 59
10 37
9 74
3 9
9 15
10 88
10 22
9 4
7 8
3 15
9 65
7 100
10 84
3
9 33
4 95
1 71
23
9 52
10 78
3 62
8 85
8 18
3 21
1 81
5 50
5 44
6 77
4 4
7 38
3 56
7 45
2 63
6 49
6 12
5 96
2 21
10 22
5 59
2 82
3 37
17
6 55
5 51
8 75
2 95
8 64
7 87
5 2
7 84
10 1
4 39
3 30
6 3
1 42
5 4
10 8
4 83
3 57
30
8 8
10 82
8 18
2 5
3 28
5 60
8 3
5 50
3 6
1 69
8 17
8 93
1 70
6 95
5 70
9 39
10 22
1 99
3 89
7 52
4 17
10 61
2 81
8 36
4 84
3 68
10 14
5 40
6 62
3 20
19
7 16
5 76
7 63
9 32
4 34
10 27
1 49
9 16
2 26
4 46
1 17
10 20
6 76
8 11
1 63
10 2
9 79
4 6
7 77
25
10 4
7 78
5 50
6 31
1 10
3 52
3 94
8 84
9 20
3 12
8 56
10 27
5 46
2 56
4 48
3 2
9 14
5 11
2 85
7 43
4 94
7 39
5 86
8 66
8 33
17
9 49
9 21
3 5
8 30
5 82
8 72
2 3
7 42
8 62
4 2
7 93
7 55
9 84
9 4
8 45
6 87
7 78
8
2 99
6 81
8 32
8 52
8 86
10 70
10 82
6 40
1
10 30
16
4 99
5 61
5 35
2 80
7 59
1 34
5 56
8 96
7 40
8 81
9 95
2 7
2 3
10 4
8 7
6 29
17
1 10
4 94
3 20
6 26
9 98
9 46
9 41
9 81
3 52
1 40
4 37
5 54
10 41
9 31
6 42
3 85
10 57
12
1 73
7 53
9 78
5 43
1 37
8 63
6 49
8 33
2 92
8 24
2 79
8 5
4
3 24
10 31
1 88
7 100
17
10 90
7 15
7 3
7 58
9 7
3 21
8 46
7 49
8 10
4 44
9 38
3 35
6 20
10 54
8 66
7 17
1 98
9
2 35
7 11
5 59
5 4
8 59
3 99
3 17
7 66
6 99
7
9 100
5 4
5 97
10 58
7 19
5 53
2 16
22
5 11
7 33
2 34
1 89
9 71
2 32
5 40
5 75
2 45
7 68
10 48
2 97
2 40
1 22
4 90
2 8
1 29
4 68
6 72
4 55
8 97
8 6
1
3 93
5
3 60
10 95
5 10
7 15
10 17
27
3 22
6 48
1 17
8 33
3 1
4 97
5 79
1 82
1 52
8 46
9 96
9 9
4 64
6 38
9 40
2 52
1 94
2 9
2 72
4 61
7 76
5 49
1 84
5 77
3 93
8 82
1 33
3
7 24
9 97
2 91
15
3 13
7 81
5 1
7 4
9 46
7 33
5 88
2 54
7 67
2 7
1 18
4 4
1 5
9 30
4 31
2
5 33
5 33
5
5 29
4 8
5 28
9 60
1 33
11
8 78
7 18
4 79
7 19
6 87
6 52
8 77
2 95
1 10
1 88
6 46
11
9 79
7 5
2 85
3 50
4 88
10 54
5 69
1 51
2 46
9 26
5 53
22
7 35
1 100
10 63
6 52
3 50
5 56
4 18
1 55
1 26
4 69
4 26
9 94
1 43
4 91
6 97
1 13
2 22
6 53
5 44
5 63
8 9
6 9
1
2 65
19
2 62
4 88
5 70
7 94
8 38
4 35
8 76
5 7
6 14
10 56
1 47
8 80
2 59
4 82
8 37
10 25
2 32
1 93
8 68
20
7 72
2 23
2 93
8 5
3 29
2 19
3 96
5 61
5 98
5 1
2 61
1 74
6 35
10 99
2 33
6 59
3 1
5 90
4 34
2 53
2
8 22
3 76
23
8 31
7 93
2 17
7 89
2 56
9 15
8 95
10 63
3 69
7 75
10 6
8 3
8 27
4 99
7 3
3 100
2 26
2 32
10 46
1 70
6 81
7 41
5 83
7
9 48
1 82
7 58
7 17
6 75
4 19
4 89
7
6 35
7 87
4 47
6 46
8 32
9 60
6 66
12
8 52
7 23
10 76
4 27
9 59
6 99
2 44
6 48
6 26
10 10
5 69
6 16
10
5 29
10 55
5 28
9 58
9 36
5 6
9 69
2 54
6 12
4 72
28
5 74
4 13
6 13
6 34
6 72
9 87
5 36
9 30
2 36
9 28
6 72
3 66
10 85
9 92
6 68
1 98
10 10
2 46
9 15
9 79
5 86
3 77
9 21
7 74
1 60
3 77
2 79
3 46
9
1 44
9 46
9 85
4 61
2 44
4 79
9 86
10 41
9 2
16
2 23
3 31
8 43
6 30
10 8
4 3
4 36
6 52
4 22
5 42
3 69
9 96
2 68
5 83
3 5
9 24
23
8 17
2 52
2 80
4 12
9 34
5 37
2 100
4 42
4 31
7 79
1 87
6 16
5 10
2 1
4 84
3 57
10 83
2 64
6 91
4 47
4 46
6 71
4 77
23
8 62
2 29
3 20
6 33
8 2
2 8
2 16
4 80
5 51
1 45
4 71
6 65
10 2
7 76
5 72
5 35
3 82
3 26
10 57
8 1
8 9
5 62
1 51
11
2 27
9 86
4 44
2 91
1 19
3 20
9 89
6 64
5 87
8 10
2 56
13
5 29
10 46
8 38
5 73
8 99
3 48
1 2
5 26
8 53
8 9
2 40
9 30
7 91
28
2 87
1 37
6 40
7 31
9 73
4 53
6 47
5 34
7 30
1 97
2 19
5 47
9 71
5 71
5 66
3 51
9 67
6 53
5 66
1 44
9 53
9 44
9 34
5 66
2 98
6 75
3 53
6 62
12
6 45
8 36
5 75
7 71
1 37
10 7
3 82
7 12
10 77
10 93
9 61
6 93
13
8 17
2 59
10 6
4 46
1 35
6 81
10 28
1 61
10 13
3 31
9 34
2 43
9 95
3
5 9
10 7
1 26
24
5 69
5 28
6 42
5 13
6 18
7 62
8 95
2 40
4 28
6 22
1 12
2 96
6 28
1 37
2 26
7 48
7 49
2 43
8 72
10 96
9 93
9 18
8 67
6 90
1
3 53
24
4 66
1 97
7 10
3 14
10 19
4 83
10 46
9 14
10 35
6 12
9 29
5 22
3 66
9 97
7 38
3 82
1 42
2 75
8 29
9 4
8 80
7 63
8 47
3 77
10
3 28
4 81
9 67
7 50
10 60
7 33
7 6
4 29
5 17
8 42
11
9 82
8 5
1 49
6 95
10 61
8 48
8 69
5 75
1 94
9 27
1 8
18
2 22
1 6
6 67
9 13
10 69
3 25
6 18
4 50
8 15
6 99
10 56
8 14
5 25
9 59
4 48
10 82
7 17
5 82
14
1 54
8 47
4 39
9 60
6 42
1 78
2 95
1 27
10 26
10 15
6 60
10 6
6 96
3 12
5
4 50
5 86
5 44
5 77
7 31
28
4 51
7 36
5 8
6 68
10 7
9 97
1 31
4 19
8 92
9 23
5 15
5 53
1 24
10 75
5 69
1 59
4 48
5 68
7 100
6 53
1 9
9 17
5 91
4 94
6 4
10 52
6 52
5 65
10
7 53
3 19
10 89
4 52
7 76
10 40
9 46
3 29
7 18
3 41
10
2 54
2 87
4 16
2 47
6 32
5 21
3 16
5 26
4 91
7 22
10
3 89
10 85
6 87
10 6
5 7
3 33
5 40
9 87
5 31
3 1
9
2 10
10 38
8 89
9 82
3 31
3 3
7 25
4 50
3 64
3
8 59
5 61
3 33
23
10 44
10 87
10 68
8 33
5 55
9 1
6 17
7 62
4 62
1 38
2 8
6 4
3 38
5 78
5 19
2 41
7 74
1 44
8 88
4 90
10 52
10 42
6 67
13
9 26
9 73
9 76
9 38
7 90
5 52
4 78
10 80
7 29
10 86
9 39
9 26
10 98
13
3 85
9 4
9 80
1 32
9 86
7 18
10 12
2 16
4 54
10 16
2 77
2 76
9 69
28
7 19
3 8
3 8
6 61
2 4
10 81
1 1
2 70
8 72
10 98
5 95
10 81
7 2
2 33
5 35
5 7
6 13
10 19
10 69
4 85
8 73
3 14
5 60
2 76
5 44
1 23
3 70
1 90
20
8 84
3 41
1 49
10 85
6 7
3 66
8 16
1 13
9 97
4 82
4 77
2 96
3 75
2 92
8 91
4 81
2 17
5 78
4 52
1 35
7
2 8
5 27
1 3
10 99
3 24
6 69
5 99
2
8 82
5 16
23
9 56
9 59
7 100
7 4
3 32
5 13
10 70
6 95
4 28
5 97
1 52
1 13
5 76
9 66
2 72
10 1
10 2
2 38
3 68
1 20
2 16
7 6
10 94
29
6 43
2 7
4 53
1 2
10 76
10 47
3 74
6 61
10 40
6 25
4 6
4 54
1 1
3 13
10 45
9 91
7 56
8 20
3 20
7 91
9 2
5 78
9 63
4 10
7 8
5 39
4 100
3 59
1 54
11
1 25
5 32
10 30
9 63
8 77
10 19
5 61
6 69
6 72
1 55
3 57
9
3 28
3 86
6 62
9 20
7 62
8 44
8 81
1 3
3 96
12
6 99
6 11
6 94
8 21
2 9
5 35
1 93
10 94
1 60
3 61
9 7
1 26
17
6 40
10 15
10 7
5 6
2 6
6 75
7 71
7 71
3 17
4 58
5 36
2 73
10 15
9 13
6 60
10 65
2 11
16
1 42
8 14
5 23
6 14
9 92
2 26
1 3
1 91
4 62
7 100
8 84
4 12
1 32
5 50
3 41
2 34
11
9 26
4 79
5 88
2 77
1 6
4 71
1 26
7 73
1 73
5 31
8 59
10
7 65
1 87
2 4
8 5
10 13
10 12
5 15
4 5
9 43
4 91
4
10 85
9 8
7 74
2 35
25
4 21
3 38
4 10
9 33
10 12
7 24
6 37
5 68
8 55
5 83
8 31
8 21
10 33
10 10
3 70
2 12
9 88
7 57
9 84
5 28
1 81
7 91
10 38
2 64
8 78
1
10 51
26
10 8
7 54
5 67
7 50
2 2
6 95
7 34
4 54
10 71
9 30
4 70
7 37
9 69
10 51
2 37
4 25
8 53
1 90
2 42
4 58
4 73
6 39
4 81
3 31
2 33
4 93
27
2 87
1 49
2 20
5 74
5 61
7 89
2 4
6 62
5 79
2 65
9 100
9 38
7 96
5 93
7 63
9 23
4 90
1 11
4 47
7 45
3 30
3 74
7 6
4 31
5 93
3 67
5 46
28
6 67
2 94
10 98
3 1
3 40
9 60
8 78
8 37
5 64
3 100
4 71
1 42
4 63
9 14
2 51
9 92
6 9
9 100
10 55
7 51
1 62
1 65
1 60
3 38
9 78
8 7
10 32
7 1
5
2 22
9 88
3 15
5 89
3 1
20
4 28
9 29
1 38
3 39
6 41
4 44
10 100
2 81
9 5
9 90
7 56
5 72
1 12
8 69
10 80
9 5
5 16
3 77
7 27
9 97
29
4 86
2 99
7 21
3 76
3 29
3 14
1 73
9 12
6 88
4 26
2 26
9 89
9 11
10 97
8 72
7 86
7 84
4 31
6 53
4 19
2 91
5 28
9 73
10 74
1 94
1 46
6 85
5 10
8 15
6
3 64
8 81
4 74
2 32
7 59
7 84
27
5 67
1 85
3 41
1 35
4 37
1 71
4 11
10 87
5 19
7 22
5 29
4 8
4 7
7 91
5 61
8 59
3 19
10 90
4 58
6 12
2 28
10 66
2 68
6 79
1 37
7 23
2 87
6
2 39
9 46
2 36
1 30
2 72
9 33
27
4 5
9 81
4 74
7 17
8 63
6 52
3 62
2 44
8 10
1 95
4 99
1 66
5 25
6 58
2 100
4 71
1 5
8 35
1 14
9 16
9 81
4 56
9 63
2 78
2 97
5 65
10 68
17
10 13
4 36
1 84
9 2
10 6
6 93
4 69
3 34
2 8
10 74
3 3
9 42
10 2
5 89
2 37
1 3
1 83
27
6 78
7 2
4 14
3 85
8 21
10 30
10 46
9 41
9 3
5 62
5 82
10 55
7 4
1 57
4 15
5 91
4 91
4 23
7 8
10 59
8 77
4 41
1 38
2 12
3 49
3 28
2 89
26
7 19
7 38
3 15
10 87
1 70
1 95
1 12
9 96
3 28
5 13
1 75
7 16
1 76
8 20
3 30
10 87
5 71
8 36
2 57
6 39
6 32
4 96
3 46
3 44
7 18
2 8
3
1 90
2 20
4 28
12
2 40
10 61
4 11
10 10
1 9
2 14
10 40
2 85
10 2
3 77
9 56
2 19
26
4 84
2 20
2 79
3 65
10 75
8 88
5 25
6 81
7 36
2 36
1 96
3 45
4 53
4 85
6 99
2 79
10 62
10 46
10 32
8 64
1 11
5 67
7 87
2 32
7 56
3 3
8
5 27
4 96
1 56
8 55
4 46
2 76
3 97
9 58
1
4 73
15
8 22
2 22
5 11
9 89
8 49
5 57
2 87
3 29
2 88
3 49
1 22
7 25
7 60
5 18
7 58
11
2 9
6 98
1 100
9 71
4 92
4 64
5 8
7 72
2 4
1 30
3 80
18
4 50
2 76
3 32
8 2
5 83
5 95
4 31
8 60
10 82
7 80
6 8
8 73
3 21
9 85
9 21
10 30
5 42
5 14
16
1 96
1 65
7 18
6 44
3 62
1 15
3 61
3 95
2 65
6 91
8 67
10 42
5 94
10 81
5 41
7 34
14
8 24
7 91
8 6
2 19
6 11
9 73
1 70
8 100
2 80
6 72
1 12
3 40
4 46
10 78
11
6 62
10 7
7 87
6 21
2 48
4 40
6 19
3 89
2 61
8 34
1 43
23
10 51
10 38
7 39
3 12
8 58
4 39
6 59
7 48
7 8
8 14
6 72
1 37
9 53
3 19
6 51
3 41
10 96
4 45
8 7
6 16
6 37
6 1
8 1
3
10 40
9 59
5 32
1
3 30
3
10 2
1 31
7 93
21
7 1
4 12
4 81
3 11
9 15
2 10
1 35
4 55
6 60
4 45
2 71
2 92
5 17
8 9
7 83
5 86
9 25
5 98
1 3
9 99
9 71
19
1 83
3 69
1 12
10 98
7 86
10 77
9 82
3 96
9 88
9 27
10 53
1 31
7 67
4 9
3 65
8 95
5 63
6 42
10 26
29
7 38
2 37
5 92
4 10
6 93
5 37
10 3
9 36
4 85
3 82
4 64
2 26
6 17
2 53
9 83
2 90
6 77
8 75
4 20
5 14
2 81
3 79
4 21
7 41
2 38
3 51
7 58
6 7
9 74
15
8 66
5 77
4 33
3 58
5 76
8 28
4 85
10 52
6 51
2 13
7 41
6 77
7 36
2 19
9 16
5
1 60
9 41
3 7
7 79
7 42
3
7 79
8 95
10 60
19
4 44
3 22
8 93
4 16
10 27
10 53
8 75
1 39
5 72
4 2
9 85
3 72
9 71
10 41
4 92
5 48
1 27
1 9
6 39
4
1 75
2 15
9 40
2 27
12
4 45
6 45
6 35
1 50
9 12
6 92
4 19
8 12
3 99
10 72
10 4
4 45
23
5 45
1 54
2 26
3 82
6 53
8 86
6 17
8 40
2 71
9 17
2 76
4 10
5 59
3 15
5 52
8 27
1 92
7 10
1 74
6 11
6 97
5 45
4 3
7
3 96
4 91
9 57
4 7
10 95
7 90
6 31
4
9 79
2 14
7 9
3 5
16
1 41
1 58
5 97
10 6
3 88
3 54
3 82
9 48
7 35
4 64
10 38
1 30
7 59
9 18
4 11
1 82
4
3 78
6 23
6 19
9 78
12
3 35
8 90
1 28
7 51
7 60
8 58
6 30
6 91
5 87
7 78
5 100
5 58
6
8 2
7 74
7 83
1 65
7 3
5 78
20
2 37
5 66
10 44
3 16
6 17
7 28
2 41
5 96
6 87
8 61
2 32
9 40
1 52
10 99
7 80
6 19
4 79
4 81
8 33
1 89
13
9 46
10 88
9 35
9 54
4 66
5 44
7 58
10 79
6 37
3 1
9 62
8 84
10 77
12
1 48
3 58
2 17
5 28
6 80
8 62
5 89
7 91
6 70
7 14
2 5
8 1
16
2 20
9 64
5 17
10 11
3 49
5 81
1 89
7 97
5 45
5 7
1 73
5 95
4 87
1 9
2 78
9 46
24
6 54
4 68
6 40
1 84
6 38
2 64
4 19
1 78
2 47
7 38
3 7
8 99
1 69
9 71
9 67
1 28
5 95
4 74
7 3
10 87
10 82
2 94
3 25
3 15
19
6 60
6 33
9 70
6 72
9 95
8 5
6 89
6 16
5 73
10 32
7 55
6 86
8 10
9 14
9 75
7 15
9 26
6 42
5 57
3
6 37
6 32
7 22
14
5 72
9 39
8 38
3 60
3 2
7 87
8 59
6 94
8 77
9 11
5 78
5 51
1 30
5 65
6
2 61
9 76
2 92
7 20
4 17
3 66
26
2 23
3 52
5 38
6 32
4 52
2 35
3 25
5 25
6 78
2 84
1 74
8 100
7 70
6 1
8 3
7 41
4 72
9 71
2 60
1 26
1 47
3 92
6 5
4 78
3 23
7 35
29
1 7
8 28
7 88
1 81
5 62
4 69
2 68
5 10
9 72
7 32
9 9
8 41
1 14
9 17
5 42
10 23
1 35
2 89
9 79
2 42
3 95
2 45
5 16
9 29
10 65
4 18
8 20
3 41
10 49
3
4 96
2 16
9 11
2
5 81
10 40
10
5 97
4 82
2 50
8 64
2 34
3 60
8 70
2 100
8 89
7 63
18
4 15
4 82
2 62
2 33
1 28
3 11
8 56
7 74
4 86
10 24
5 70
6 35
6 65
10 38
2 77
3 27
1 27
10 27
22
9 96
9 12
3 59
3 16
4 32
10 4
1 93
8 77
4 24
5 11
3 22
10 45
4 54
2 16
8 90
7 55
7 99
7 45
3 9
2 31
6 56
10 13
7
7 72
6 14
10 73
6 47
8 9
10 76
7 94
18
1 43
2 19
2 46
9 100
8 77
6 26
1 97
9 2
3 2
10 82
1 100
6 79
4 80
6 40
10 38
1 9
8 80
7 12
15
6 71
4 9
8 13
9 10
2 22
9 74
9 34
5 81
6 33
5 40
1 69
9 55
9 70
4 88
7 36
5
2 40
4 90
6 4
6 32
3 80
23
3 27
9 4
9 45
3 7
6 70
7 7
8 30
4 30
6 5
8 35
10 43
3 92
10 8
8 11
9 12
10 46
2 74
10 40
7 20
10 2
1 94
4 78
7 30
8
3 51
4 75
10 47
5 23
10 63
7 12
7 67
9 19
20
4 11
6 41
7 31
2 89
8 91
6 97
5 32
4 1
10 65
1 46
6 15
5 71
8 79
3 70
6 96
8 20
3 31
3 63
3 99
1 57
24
4 42
1 1
9 8
4 17
7 17
10 22
5 74
8 50
5 39
2 93
10 7
2 41
4 71
5 28
5 100
1 52
4 1
10 51
8 84
1 46
9 74
9 32
1 13
3 96
20
5 54
5 95
6 27
9 92
4 8
8 39
7 3
2 90
2 86
3 92
8 85
4 86
1 47
4 26
1 57
10 63
7 15
1 36
9 24
1 72
20
8 66
7 6
6 28
4 5
4 49
3 87
7 61
3 61
9 72
2 15
2 67
2 80
8 1
9 86
2 41
6 64
10 39
7 82
8 67
5 92
30
9 7
5 86
9 32
6 50
7 71
10 71
6 43
4 61
8 21
4 54
5 33
8 43
1 76
4 18
8 87
4 45
10 16
9 98
7 18
10 26
8 55
7 42
2 44
6 52
5 89
1 1
4 11
7 58
8 74
3 70
28
8 61
3 37
8 94
6 28
9 23
4 23
8 18
8 83
10 51
2 6
9 30
7 12
8 26
10 7
6 59
1 53
2 56
1 33
1 21
4 56
1 91
10 19
2 18
10 47
2 53
4 23
5 22
10 71
27
9 73
9 85
10 22
10 48
3 81
7 61
3 98
3 63
6 78
1 29
3 93
3 49
9 59
6 43
3 9
4 8
3 11
5 92
1 4
4 4
6 14
3 51
3 19
6 27
7 50
2 48
6 49
25
6 40
1 89
1 20
8 56
4 12
8 95
5 91
4 80
3 53
10 47
6 17
4 20
3 21
7 68
8 81
10 12
10 35
7 12
7 63
4 34
10 12
5 13
5 56
8 58
4 47
23
7 54
9 78
4 25
1 65
4 81
7 44
7 15
3 7
1 58
10 54
4 85
10 6
7 42
1 34
1 86
10 33
10 59
6 60
6 85
6 98
1 99
6 74
1 98
27
9 81
5 92
7 73
7 97
2 1
1 40
9 17
7 37
1 74
6 13
9 94
8 39
5 22
6 72
7 89
1 32
5 47
9 56
4 41
3 37
8 16
4 74
2 9
2 82
5 93
8 19
8 45
19
10 7
3 52
1 70
5 18
10 52
4 27
1 19
2 89
3 34
1 57
6 59
2 53
5 17
1 22
9 16
3 19
2 1
10 77
6 23
6
9 96
9 93
4 21
2 35
7 2
8 64
20
7 83
9 73
5 20
2 4
4 65
7 6
4 58
7 99
5 89
2 18
7 7
3 98
3 96
8 49
5 62
6 2
4 64
5 46
9 58
3 67
26
8 45
6 3
3 53
6 26
3 50
9 37
2 74
6 65
8 5
10 6
7 73
5 41
5 42
10 46
4 34
10 55
8 72
6 56
1 52
4 82
10 43
8 32
8 11
5 74
1 57
1 56
21
4 32
3 41
7 94
1 4
9 58
6 16
5 43
2 86
3 10
4 94
8 94
2 75
6 67
4 20
9 9
2 90
2 92
7 55
8 30
7 9
5 19
20
8 88
4 49
9 100
10 24
4 63
5 81
5 76
2 26
1 99
10 18
3 7
10 81
1 58
4 26
7 88
8 97
7 84
3 91
5 27
10 94
30
7 36
4 92
9 89
1 27
6 88
1 50
1 2
4 5
8 14
7 4
8 86
4 8
8 88
5 2
8 41
8 12
4 96
6 41
9 62
1 36
5 66
10 92
8 58
3 73
8 57
4 91
8 75
4 68
1 27
7 58
23
1 65
6 54
4 10
9 71
9 89
6 57
5 98
7 14
9 81
5 89
4 54
7 39
9 89
5 3
2 35
1 87
2 34
3 57
9 35
4 83
9 67
5 31
4 44
6
1 13
3 81
5 13
5 19
1 14
2 87
26
2 89
4 38
3 85
3 61
7 76
9 28
3 63
5 79
4 3
2 36
9 85
2 31
2 78
3 94
5 42
2 31
10 38
3 55
7 32
9 77
4 44
8 30
8 16
10 52
9 83
7 84
9
2 18
5 24
2 11
9 50
8 80
5 11
3 38
10 53
10 92
24
1 2
3 15
5 7
10 51
9 42
4 66
5 2
7 96
7 13
6 87
10 59
1 67
3 75
10 76
1 42
5 72
6 73
9 10
10 92
3 68
6 30
1 18
4 90
4 10
4
4 96
2 79
1 54
6 72
3
5 4
5 77
2 81
17
5 50
9 62
2 57
7 5
6 7
8 55
10 81
2 77
8 70
9 33
8 59
1 88
10 70
1 62
4 1
2 72
5 31
22
9 7
7 16
1 48
4 99
5 88
5 1
9 77
9 62
8 64
9 49
6 62
7 62
4 31
9 58
5 8
7 74
9 74
1 43
3 10
7 96
8 47
5 42
12
9 39
2 39
7 99
4 98
8 84
6 7
7 37
5 91
1 20
9 17
5 87
10 36
30
3 65
2 43
5 12
7 37
8 96
7 99
8 52
3 25
2 70
7 80
3 28
4 10
7 66
6 17
6 35
10 31
3 50
1 83
10 100
5 58
8 37
8 53
7 25
6 13
2 79
8 92
4 7
2 31
10 32
6 99
26
3 76
1 93
7 88
5 24
6 19
10 20
9 95
3 78
5 38
9 38
10 53
10 27
6 46
3 31
3 85
1 80
3 17
4 83
8 69
10 58
9 5
10 91
8 19
8 92
1 82
6 57
13
5 35
8 17
3 15
7 79
10 1
5 59
8 94
10 80
7 57
7 27
9 90
1 29
4 61
10
6 54
4 45
1 99
10 55
5 17
2 66
4 10
10 3
8 56
3 32
28
1 52
4 75
7 97
10 17
9 1
7 63
8 87
1 22
10 50
4 78
7 47
2 35
5 41
5 4
9 24
5 24
8 69
8 68
6 6
6 17
2 4
3 64
6 9
8 13
10 87
5 3
8 68
1 57
1
7 82
24
9 81
10 45
4 33
6 27
10 100
10 5
1 9
2 46
3 63
10 32
2 65
1 55
8 69
2 19
4 65
7 31
5 15
7 56
2 91
10 94
8 33
1 30
7 31
3 65
23
5 34
10 84
6 23
9 14
5 99
2 45
3 96
7 15
2 61
7 29
1 88
6 44
1 48
8 67
7 27
3 69
2 53
5 94
9 80
8 93
9 14
1 41
5 72
29
6 52
6 83
10 13
8 65
2 21
4 69
9 70
4 71
10 96
7 33
2 13
5 49
9 6
5 45
6 7
10 30
2 33
7 15
1 23
5 55
5 62
3 28
1 53
8 87
1 40
3 66
6 63
8 37
3 25
27
1 93
2 21
6 81
6 6
7 30
1 58
10 83
1 98
7 52
3 19
1 7
2 53
2 14
8 18
1 12
6 7
9 51
3 17
2 14
6 58
7 71
5 56
5 58
1 96
6 1
7 94
8 76
13
3 60
1 93
8 87
7 68
5 91
2 99
1 25
3 76
1 27
4 70
3 4
9 97
8 4
13
7 35
1 11
1 27
5 94
1 66
3 92
9 31
10 57
4 28
6 35
10 78
9 43
4 79
6
7 90
4 88
2 59
1 34
6 9
4 95
4
3 60
7 9
3 16
7 37
18
4 21
6 32
6 40
5 37
9 18
8 77
7 18
3 98
7 97
3 53
7 74
10 33
6 99
8 5
4 96
6 37
10 49
8 83
6
6 96
10 52
8 30
1 27
2 42
1 81
22
8 21
8 95
6 15
10 42
3 1
9 21
10 70
1 9
9 72
6 71
5 31
5 71
5 74
9 55
2 69
9 40
5 42
8 99
10 20
3 20
2 44
3 1
26
6 26
6 4
6 19
2 96
10 9
7 79
8 39
3 9
6 52
10 84
8 41
7 84
10 10
7 86
9 41
9 25
10 46
4 6
3 86
4 97
8 82
10 30
10 97
9 15
8 5
8 70
7
5 48
3 79
9 70
9 95
4 1
10 94
8 73
16
4 81
9 42
7 63
5 26
3 83
9 23
7 72
9 56
3 9
1 22
9 95
5 77
1 79
9 37
5 32
2 8
1
9 50
26
7 79
9 42
4 35
7 18
10 61
6 7
2 30
10 96
4 69
6 77
8 11
4 12
6 62
6 59
6 88
7 1
3 32
9 85
2 48
9 25
1 24
5 64
10 64
4 44
10 55
8 22
3
1 26
1 83
7 21
8
10 83
4 16
1 61
4 97
10 85
4 46
10 55
4 76
29
5 61
6 74
5 88
1 89
3 35
5 55
10 18
6 42
7 51
7 24
5 86
9 22
1 2
6 96
5 68
10 24
9 69
6 78
6 55
1 9
3 28
5 45
8 24
6 83
6 54
2 62
3 32
3 82
7 86
10
7 93
9 38
3 25
4 41
4 67
10 1
4 9
2 47
3 20
9 48
11
10 100
8 15
8 43
4 25
10 50
6 99
7 73
8 43
3 2
4 91
3 81
5
10 70
7 66
4 86
3 26
7 48
28
4 25
7 7
1 51
5 21
9 84
7 99
2 19
7 51
10 20
10 16
5 36
8 3
9 52
3 17
1 67
3 74
3 76
7 100
2 33
6 63
3 61
1 62
4 96
6 47
3 83
1 35
10 49
10 88
12
2 12
2 40
6 64
10 11
1 34
4 60
3 73
5 95
8 24
10 74
1 55
3 17
7
5 18
4 78
6 3
10 32
3 84
5 79
2 1
14
10 66
8 11
1 98
7 6
1 61
8 50
5 79
4 80
7 98
10 2
6 100
5 25
9 67
2 43
26
2 75
1 82
3 59
9 9
7 55
4 58
7 56
4 43
8 19
2 5
4 68
4 5
4 85
5 82
4 99
5 80
1 47
7 96
6 93
9 36
5 54
9 5
7 41
1 23
9 94
1 32
26
10 26
2 48
4 80
2 20
1 39
2 58
7 3
10 86
10 4
6 14
7 59
4 10
1 11
5 65
7 58
5 83
2 68
7 46
7 56
4 40
7 97
1 87
3 26
9 80
5 84
2 77
4
10 5
10 32
9 69
4 93
6
10 85
4 29
10 89
8 46
8 18
3 7
5
3 66
6 47
10 9
5 72
4 93
